6.742000000000000000e+03
9.917000000000000000e+03
1.069100000000000000e+04
1.235500000000000000e+04
1.516600000000000000e+04
1.725100000000000000e+04
2.139200000000000000e+04
2.331600000000000000e+04
2.599600000000000000e+04
2.668400000000000000e+04
3.032400000000000000e+04
3.475700000000000000e+04
3.797200000000000000e+04
4.369600000000000000e+04
4.613000000000000000e+04
4.892200000000000000e+04
5.299000000000000000e+04
5.305600000000000000e+04
6.374200000000000000e+04
6.395000000000000000e+04
6.526600000000000000e+04
6.903600000000000000e+04
6.907800000000000000e+04
7.289200000000000000e+04
7.408600000000000000e+04
7.430900000000000000e+04
8.268000000000000000e+04
8.576800000000000000e+04
8.637200000000000000e+04
8.719200000000000000e+04
8.822100000000000000e+04
8.870600000000000000e+04
8.988200000000000000e+04
9.502200000000000000e+04
9.546200000000000000e+04
9.704000000000000000e+04
9.896000000000000000e+04
1.013160000000000000e+05
1.035500000000000000e+05
1.069810000000000000e+05
1.106360000000000000e+05
1.148100000000000000e+05
1.218620000000000000e+05
1.248520000000000000e+05
9.400000000000000000e+03
1.038000000000000000e+04
1.350400000000000000e+04
1.740100000000000000e+04
2.059200000000000000e+04
2.298400000000000000e+04
2.470200000000000000e+04
2.662100000000000000e+04
4.086800000000000000e+04
4.346100000000000000e+04
6.674800000000000000e+04
7.060600000000000000e+04
9.019800000000000000e+04
9.483200000000000000e+04
1.024920000000000000e+05
