4.654000000000000000e+03
5.334000000000000000e+03
7.072000000000000000e+03
7.362000000000000000e+03
1.163400000000000000e+04
2.164200000000000000e+04
2.899400000000000000e+04
3.032300000000000000e+04
3.439700000000000000e+04
3.937400000000000000e+04
4.205600000000000000e+04
4.540700000000000000e+04
4.892300000000000000e+04
5.058400000000000000e+04
5.263000000000000000e+04
5.297200000000000000e+04
5.347600000000000000e+04
5.495000000000000000e+04
6.359000000000000000e+04
6.867400000000000000e+04
7.289200000000000000e+04
7.430800000000000000e+04
8.268000000000000000e+04
8.683200000000000000e+04
9.153300000000000000e+04
9.483200000000000000e+04
1.035500000000000000e+05
1.039620000000000000e+05
1.055040000000000000e+05
1.194740000000000000e+05
1.260820000000000000e+05
9.400000000000000000e+03
1.038000000000000000e+04
1.350400000000000000e+04
1.740100000000000000e+04
2.059200000000000000e+04
2.298400000000000000e+04
2.470200000000000000e+04
2.662100000000000000e+04
4.086800000000000000e+04
4.346100000000000000e+04
6.674800000000000000e+04
9.019800000000000000e+04
1.024920000000000000e+05
