1.971000000000000000e+03
5.332000000000000000e+03
5.560000000000000000e+03
6.025000000000000000e+03
6.350000000000000000e+03
7.297000000000000000e+03
1.235500000000000000e+04
1.635200000000000000e+04
1.926800000000000000e+04
2.134800000000000000e+04
3.531800000000000000e+04
4.008800000000000000e+04
4.047400000000000000e+04
4.174600000000000000e+04
4.259000000000000000e+04
4.444600000000000000e+04
4.577100000000000000e+04
4.636800000000000000e+04
4.724400000000000000e+04
4.877600000000000000e+04
5.119100000000000000e+04
5.197600000000000000e+04
5.405100000000000000e+04
5.518100000000000000e+04
6.398800000000000000e+04
6.475200000000000000e+04
6.502900000000000000e+04
7.358800000000000000e+04
7.529900000000000000e+04
8.641600000000000000e+04
8.904400000000000000e+04
9.693700000000000000e+04
9.696600000000000000e+04
9.703900000000000000e+04
1.013180000000000000e+05
1.039600000000000000e+05
1.044200000000000000e+05
1.087490000000000000e+05
1.096800000000000000e+05
1.248500000000000000e+05
9.400000000000000000e+03
1.038000000000000000e+04
1.350400000000000000e+04
1.740100000000000000e+04
2.059200000000000000e+04
2.298400000000000000e+04
2.470200000000000000e+04
2.662100000000000000e+04
4.086800000000000000e+04
4.346100000000000000e+04
6.674800000000000000e+04
7.060600000000000000e+04
9.019800000000000000e+04
9.483200000000000000e+04
1.024920000000000000e+05
