5.560000000000000000e+03
6.025000000000000000e+03
1.235500000000000000e+04
1.926800000000000000e+04
2.067300000000000000e+04
2.170600000000000000e+04
3.120800000000000000e+04
3.403700000000000000e+04
4.047300000000000000e+04
4.174600000000000000e+04
4.259000000000000000e+04
4.577200000000000000e+04
4.652400000000000000e+04
4.856100000000000000e+04
4.950000000000000000e+04
5.119100000000000000e+04
5.305600000000000000e+04
5.405100000000000000e+04
5.518100000000000000e+04
6.475200000000000000e+04
6.502900000000000000e+04
6.526600000000000000e+04
7.180000000000000000e+04
7.466700000000000000e+04
7.601800000000000000e+04
8.791100000000000000e+04
9.059900000000000000e+04
9.472800000000000000e+04
9.693700000000000000e+04
9.696600000000000000e+04
9.703900000000000000e+04
1.002380000000000000e+05
1.039600000000000000e+05
1.044200000000000000e+05
1.062600000000000000e+05
1.087490000000000000e+05
9.400000000000000000e+03
1.038000000000000000e+04
1.350400000000000000e+04
1.740100000000000000e+04
2.059200000000000000e+04
2.298400000000000000e+04
2.470200000000000000e+04
2.662100000000000000e+04
4.086800000000000000e+04
4.346100000000000000e+04
6.674800000000000000e+04
7.060600000000000000e+04
9.019800000000000000e+04
9.483200000000000000e+04
1.024920000000000000e+05
