4.976000000000000000e+03
5.992000000000000000e+03
6.644000000000000000e+03
9.555000000000000000e+03
1.091400000000000000e+04
1.350400000000000000e+04
1.822000000000000000e+04
2.164200000000000000e+04
2.471800000000000000e+04
2.563800000000000000e+04
2.863600000000000000e+04
2.905700000000000000e+04
2.909800000000000000e+04
3.032500000000000000e+04
3.439900000000000000e+04
3.901400000000000000e+04
4.078800000000000000e+04
4.244400000000000000e+04
4.336800000000000000e+04
4.432600000000000000e+04
4.627500000000000000e+04
4.709400000000000000e+04
4.986400000000000000e+04
5.191200000000000000e+04
5.297200000000000000e+04
5.347800000000000000e+04
5.350800000000000000e+04
5.875400000000000000e+04
6.079200000000000000e+04
6.215200000000000000e+04
6.867600000000000000e+04
7.133000000000000000e+04
7.430900000000000000e+04
8.045800000000000000e+04
8.173000000000000000e+04
8.340400000000000000e+04
8.683400000000000000e+04
8.952000000000000000e+04
9.012600000000000000e+04
9.081400000000000000e+04
9.483200000000000000e+04
9.596200000000000000e+04
9.710000000000000000e+04
1.009580000000000000e+05
1.039620000000000000e+05
1.047840000000000000e+05
1.194740000000000000e+05
1.260820000000000000e+05
9.400000000000000000e+03
1.038000000000000000e+04
1.740100000000000000e+04
2.059200000000000000e+04
2.298400000000000000e+04
2.470200000000000000e+04
2.662100000000000000e+04
4.086800000000000000e+04
4.346100000000000000e+04
6.674800000000000000e+04
9.019800000000000000e+04
1.024920000000000000e+05
