6.275000000000000000e+03
7.732000000000000000e+03
7.911000000000000000e+03
1.231700000000000000e+04
2.150900000000000000e+04
2.839500000000000000e+04
3.017100000000000000e+04
3.201600000000000000e+04
3.400600000000000000e+04
3.723400000000000000e+04
4.097200000000000000e+04
4.264000000000000000e+04
4.613300000000000000e+04
4.661100000000000000e+04
4.728500000000000000e+04
4.941500000000000000e+04
5.151800000000000000e+04
5.166100000000000000e+04
5.513100000000000000e+04
6.255000000000000000e+04
6.258500000000000000e+04
6.639100000000000000e+04
6.984900000000000000e+04
6.996900000000000000e+04
7.090200000000000000e+04
7.566900000000000000e+04
7.580700000000000000e+04
7.640500000000000000e+04
8.312700000000000000e+04
8.550400000000000000e+04
8.725300000000000000e+04
9.116600000000000000e+04
9.255600000000000000e+04
9.885300000000000000e+04
1.194420000000000000e+05
1.257160000000000000e+05
9.752000000000000000e+03
1.198100000000000000e+04
1.597900000000000000e+04
1.720900000000000000e+04
1.754000000000000000e+04
2.127900000000000000e+04
2.199000000000000000e+04
2.274100000000000000e+04
2.300300000000000000e+04
2.650100000000000000e+04
2.826400000000000000e+04
3.134300000000000000e+04
3.501400000000000000e+04
3.936600000000000000e+04
3.984100000000000000e+04
4.230300000000000000e+04
4.255900000000000000e+04
5.853600000000000000e+04
5.874900000000000000e+04
6.637600000000000000e+04
7.023900000000000000e+04
7.024900000000000000e+04
7.827900000000000000e+04
8.230900000000000000e+04
8.573900000000000000e+04
8.975800000000000000e+04
9.019400000000000000e+04
9.626800000000000000e+04
1.025170000000000000e+05
1.036970000000000000e+05
