4.614000000000000000e+03
4.656000000000000000e+03
5.992000000000000000e+03
6.314000000000000000e+03
6.578000000000000000e+03
6.644000000000000000e+03
9.181000000000000000e+03
9.402000000000000000e+03
1.091400000000000000e+04
1.373000000000000000e+04
1.422600000000000000e+04
1.750100000000000000e+04
1.758800000000000000e+04
2.128400000000000000e+04
2.399600000000000000e+04
2.419800000000000000e+04
2.532800000000000000e+04
2.801800000000000000e+04
2.827400000000000000e+04
2.905700000000000000e+04
2.960500000000000000e+04
3.064000000000000000e+04
3.403800000000000000e+04
3.485800000000000000e+04
3.682800000000000000e+04
3.689400000000000000e+04
3.710600000000000000e+04
3.757200000000000000e+04
4.223200000000000000e+04
4.256200000000000000e+04
4.316400000000000000e+04
4.396600000000000000e+04
4.441800000000000000e+04
4.591400000000000000e+04
4.709400000000000000e+04
4.986400000000000000e+04
4.994400000000000000e+04
5.014200000000000000e+04
5.054000000000000000e+04
5.191200000000000000e+04
5.275800000000000000e+04
5.297200000000000000e+04
5.315000000000000000e+04
5.875400000000000000e+04
6.079200000000000000e+04
6.215200000000000000e+04
6.219800000000000000e+04
6.867600000000000000e+04
6.893200000000000000e+04
6.915400000000000000e+04
7.097200000000000000e+04
7.226400000000000000e+04
7.430900000000000000e+04
7.654200000000000000e+04
8.009800000000000000e+04
8.353400000000000000e+04
8.520400000000000000e+04
8.674200000000000000e+04
8.683400000000000000e+04
8.979000000000000000e+04
9.012600000000000000e+04
9.019800000000000000e+04
9.045400000000000000e+04
9.555400000000000000e+04
9.585800000000000000e+04
9.596000000000000000e+04
9.746000000000000000e+04
1.005990000000000000e+05
1.044600000000000000e+05
1.047840000000000000e+05
1.050460000000000000e+05
1.194750000000000000e+05
1.260820000000000000e+05
1.038000000000000000e+04
1.740100000000000000e+04
2.059200000000000000e+04
2.298400000000000000e+04
2.470200000000000000e+04
2.662100000000000000e+04
4.086800000000000000e+04
4.346100000000000000e+04
6.674800000000000000e+04
1.024920000000000000e+05
