4.051000000000000000e+03
5.941000000000000000e+03
6.043000000000000000e+03
6.637000000000000000e+03
7.555000000000000000e+03
9.701000000000000000e+03
1.025100000000000000e+04
1.160300000000000000e+04
1.302800000000000000e+04
1.316300000000000000e+04
2.761100000000000000e+04
2.839500000000000000e+04
3.017100000000000000e+04
3.201600000000000000e+04
3.400700000000000000e+04
3.759100000000000000e+04
3.848800000000000000e+04
4.061900000000000000e+04
4.207700000000000000e+04
4.222300000000000000e+04
4.263900000000000000e+04
4.348700000000000000e+04
4.613300000000000000e+04
4.625100000000000000e+04
4.764500000000000000e+04
4.921300000000000000e+04
4.941500000000000000e+04
5.166200000000000000e+04
5.187700000000000000e+04
5.278300000000000000e+04
5.549300000000000000e+04
5.914100000000000000e+04
6.147500000000000000e+04
6.258500000000000000e+04
6.351900000000000000e+04
6.578500000000000000e+04
6.971300000000000000e+04
6.984900000000000000e+04
7.061100000000000000e+04
7.162200000000000000e+04
7.365700000000000000e+04
7.566900000000000000e+04
7.568500000000000000e+04
7.652500000000000000e+04
8.092300000000000000e+04
8.312800000000000000e+04
8.658300000000000000e+04
8.725100000000000000e+04
9.080200000000000000e+04
9.220500000000000000e+04
9.741700000000000000e+04
1.015660000000000000e+05
1.183690000000000000e+05
1.198750000000000000e+05
1.253570000000000000e+05
9.752000000000000000e+03
1.198100000000000000e+04
1.597900000000000000e+04
1.720900000000000000e+04
1.754000000000000000e+04
2.127900000000000000e+04
2.199000000000000000e+04
2.274100000000000000e+04
2.300300000000000000e+04
2.650100000000000000e+04
2.826400000000000000e+04
3.134300000000000000e+04
3.501400000000000000e+04
3.936600000000000000e+04
3.984100000000000000e+04
4.230300000000000000e+04
4.255900000000000000e+04
5.853600000000000000e+04
5.874900000000000000e+04
6.637600000000000000e+04
7.023900000000000000e+04
7.827900000000000000e+04
8.230900000000000000e+04
8.573900000000000000e+04
8.975800000000000000e+04
9.019400000000000000e+04
9.626800000000000000e+04
1.025170000000000000e+05
1.036970000000000000e+05
