4.407000000000000000e+03
4.969000000000000000e+03
6.339000000000000000e+03
7.837000000000000000e+03
8.269000000000000000e+03
8.435000000000000000e+03
1.005400000000000000e+04
1.060900000000000000e+04
1.124500000000000000e+04
1.303000000000000000e+04
2.198900000000000000e+04
2.237900000000000000e+04
2.614100000000000000e+04
2.688600000000000000e+04
2.909500000000000000e+04
3.170100000000000000e+04
3.237900000000000000e+04
3.364900000000000000e+04
3.723800000000000000e+04
3.902400000000000000e+04
4.158500000000000000e+04
4.222800000000000000e+04
4.279500000000000000e+04
4.408600000000000000e+04
4.420500000000000000e+04
4.431900000000000000e+04
4.721400000000000000e+04
4.764800000000000000e+04
4.957100000000000000e+04
5.049100000000000000e+04
5.202100000000000000e+04
5.259500000000000000e+04
5.585200000000000000e+04
5.602300000000000000e+04
5.874800000000000000e+04
6.033500000000000000e+04
6.057500000000000000e+04
6.114000000000000000e+04
6.183400000000000000e+04
6.531300000000000000e+04
6.614300000000000000e+04
6.985100000000000000e+04
7.032800000000000000e+04
7.132800000000000000e+04
7.365500000000000000e+04
7.724300000000000000e+04
8.348600000000000000e+04
8.662100000000000000e+04
8.689300000000000000e+04
8.972800000000000000e+04
9.007200000000000000e+04
9.019400000000000000e+04
9.255800000000000000e+04
9.420300000000000000e+04
9.813900000000000000e+04
1.015660000000000000e+05
1.190870000000000000e+05
1.253530000000000000e+05
9.752000000000000000e+03
1.119900000000000000e+04
1.198100000000000000e+04
1.597900000000000000e+04
1.720900000000000000e+04
1.754000000000000000e+04
2.127900000000000000e+04
2.300300000000000000e+04
2.826400000000000000e+04
3.501400000000000000e+04
3.936600000000000000e+04
3.984100000000000000e+04
4.255900000000000000e+04
6.637600000000000000e+04
7.023900000000000000e+04
7.792700000000000000e+04
7.827900000000000000e+04
8.230900000000000000e+04
8.573900000000000000e+04
8.975800000000000000e+04
9.626800000000000000e+04
1.025170000000000000e+05
1.035900000000000000e+05
1.036970000000000000e+05
