4.612000000000000000e+03
5.015000000000000000e+03
6.350000000000000000e+03
6.743000000000000000e+03
8.380000000000000000e+03
1.624800000000000000e+04
3.475700000000000000e+04
3.833200000000000000e+04
3.865000000000000000e+04
4.246500000000000000e+04
4.577000000000000000e+04
4.892300000000000000e+04
5.094200000000000000e+04
5.102600000000000000e+04
5.116600000000000000e+04
5.227100000000000000e+04
5.305600000000000000e+04
5.822500000000000000e+04
6.115000000000000000e+04
6.395200000000000000e+04
6.526600000000000000e+04
6.831700000000000000e+04
7.289300000000000000e+04
7.329600000000000000e+04
7.430900000000000000e+04
8.683200000000000000e+04
8.858200000000000000e+04
8.906600000000000000e+04
8.988200000000000000e+04
9.574000000000000000e+04
9.668000000000000000e+04
1.013180000000000000e+05
1.035500000000000000e+05
1.069800000000000000e+05
1.155100000000000000e+05
1.218720000000000000e+05
1.237940000000000000e+05
9.400000000000000000e+03
1.038000000000000000e+04
1.350400000000000000e+04
1.740100000000000000e+04
2.059200000000000000e+04
2.298400000000000000e+04
2.470200000000000000e+04
2.662100000000000000e+04
4.086800000000000000e+04
4.346100000000000000e+04
6.674800000000000000e+04
7.060600000000000000e+04
9.019800000000000000e+04
9.483200000000000000e+04
1.024920000000000000e+05
