4.968000000000000000e+03
7.001000000000000000e+03
1.267800000000000000e+04
2.981400000000000000e+04
4.230300000000000000e+04
4.431800000000000000e+04
5.239100000000000000e+04
5.278200000000000000e+04
6.069300000000000000e+04
6.985000000000000000e+04
7.473200000000000000e+04
7.832100000000000000e+04
9.849300000000000000e+04
1.253550000000000000e+05
9.752000000000000000e+03
1.119900000000000000e+04
1.198100000000000000e+04
1.597900000000000000e+04
1.720900000000000000e+04
1.754000000000000000e+04
2.127900000000000000e+04
2.274100000000000000e+04
2.300300000000000000e+04
2.650100000000000000e+04
2.826400000000000000e+04
3.134300000000000000e+04
3.501400000000000000e+04
3.936600000000000000e+04
3.984100000000000000e+04
4.255900000000000000e+04
5.874900000000000000e+04
6.637600000000000000e+04
7.023900000000000000e+04
7.792700000000000000e+04
7.827900000000000000e+04
8.230900000000000000e+04
8.573900000000000000e+04
8.975800000000000000e+04
9.019400000000000000e+04
9.626800000000000000e+04
1.025170000000000000e+05
1.035900000000000000e+05
1.036970000000000000e+05
