6.025000000000000000e+03
7.297000000000000000e+03
1.235500000000000000e+04
2.599700000000000000e+04
3.367900000000000000e+04
3.454600000000000000e+04
4.083400000000000000e+04
4.174600000000000000e+04
4.649000000000000000e+04
4.745400000000000000e+04
4.796400000000000000e+04
4.820600000000000000e+04
4.877600000000000000e+04
5.197600000000000000e+04
5.227100000000000000e+04
5.369200000000000000e+04
5.518100000000000000e+04
6.043200000000000000e+04
6.431000000000000000e+04
6.691700000000000000e+04
7.181500000000000000e+04
7.430800000000000000e+04
8.565400000000000000e+04
8.690400000000000000e+04
8.749900000000000000e+04
8.863200000000000000e+04
9.059900000000000000e+04
9.474200000000000000e+04
9.624700000000000000e+04
9.632000000000000000e+04
9.693800000000000000e+04
1.005980000000000000e+05
1.036020000000000000e+05
1.040600000000000000e+05
1.087490000000000000e+05
1.102760000000000000e+05
1.244920000000000000e+05
9.400000000000000000e+03
1.038000000000000000e+04
1.350400000000000000e+04
1.740100000000000000e+04
2.059200000000000000e+04
2.298400000000000000e+04
2.470200000000000000e+04
2.662100000000000000e+04
4.086800000000000000e+04
4.346100000000000000e+04
6.674800000000000000e+04
7.060600000000000000e+04
9.019800000000000000e+04
9.483200000000000000e+04
1.024920000000000000e+05
