3.936000000000000000e+03
5.594000000000000000e+03
5.992000000000000000e+03
7.298000000000000000e+03
7.364000000000000000e+03
8.101000000000000000e+03
9.402000000000000000e+03
1.163600000000000000e+04
1.175000000000000000e+04
1.350400000000000000e+04
1.485000000000000000e+04
1.516500000000000000e+04
1.604600000000000000e+04
1.635200000000000000e+04
1.689200000000000000e+04
1.722600000000000000e+04
1.801000000000000000e+04
1.826600000000000000e+04
1.858400000000000000e+04
2.128400000000000000e+04
2.171200000000000000e+04
2.223600000000000000e+04
2.455800000000000000e+04
2.471600000000000000e+04
2.532800000000000000e+04
2.768600000000000000e+04
2.791400000000000000e+04
2.797600000000000000e+04
2.873800000000000000e+04
3.062600000000000000e+04
3.109600000000000000e+04
3.175000000000000000e+04
3.475400000000000000e+04
3.485800000000000000e+04
3.502800000000000000e+04
3.562400000000000000e+04
3.638600000000000000e+04
3.689400000000000000e+04
3.750800000000000000e+04
3.793200000000000000e+04
3.903700000000000000e+04
4.025500000000000000e+04
4.078800000000000000e+04
4.256200000000000000e+04
4.280400000000000000e+04
4.333800000000000000e+04
4.336800000000000000e+04
4.396600000000000000e+04
4.627000000000000000e+04
4.709200000000000000e+04
4.757700000000000000e+04
4.922200000000000000e+04
5.058200000000000000e+04
5.116600000000000000e+04
5.191200000000000000e+04
5.194200000000000000e+04
5.203800000000000000e+04
5.287200000000000000e+04
5.351000000000000000e+04
5.355000000000000000e+04
5.473600000000000000e+04
5.477800000000000000e+04
5.782200000000000000e+04
5.911600000000000000e+04
6.022600000000000000e+04
6.071400000000000000e+04
6.079200000000000000e+04
6.219800000000000000e+04
6.409600000000000000e+04
6.655600000000000000e+04
6.915400000000000000e+04
6.938600000000000000e+04
6.985600000000000000e+04
7.080300000000000000e+04
7.097400000000000000e+04
7.286800000000000000e+04
7.289400000000000000e+04
7.725800000000000000e+04
7.857400000000000000e+04
7.937800000000000000e+04
8.057000000000000000e+04
8.169400000000000000e+04
8.389600000000000000e+04
8.433200000000000000e+04
8.520200000000000000e+04
8.602200000000000000e+04
8.647400000000000000e+04
8.659400000000000000e+04
8.762400000000000000e+04
8.953400000000000000e+04
8.976600000000000000e+04
9.023400000000000000e+04
9.045400000000000000e+04
9.177800000000000000e+04
9.195200000000000000e+04
9.452200000000000000e+04
9.456600000000000000e+04
9.526800000000000000e+04
9.585800000000000000e+04
9.588600000000000000e+04
9.674000000000000000e+04
9.725300000000000000e+04
9.735800000000000000e+04
9.968600000000000000e+04
1.019420000000000000e+05
1.031900000000000000e+05
1.040620000000000000e+05
1.043260000000000000e+05
1.055800000000000000e+05
1.065420000000000000e+05
1.073940000000000000e+05
1.087500000000000000e+05
1.168220000000000000e+05
1.191160000000000000e+05
1.205340000000000000e+05
1.257240000000000000e+05
1.262920000000000000e+05
1.038000000000000000e+04
1.740100000000000000e+04
2.059200000000000000e+04
2.298400000000000000e+04
2.470200000000000000e+04
2.662100000000000000e+04
4.086800000000000000e+04
4.346100000000000000e+04
6.674800000000000000e+04
1.024920000000000000e+05
