4.058000000000000000e+03
4.256000000000000000e+03
4.657000000000000000e+03
5.236000000000000000e+03
6.282000000000000000e+03
6.714000000000000000e+03
7.743000000000000000e+03
9.402000000000000000e+03
1.163600000000000000e+04
1.350400000000000000e+04
1.441000000000000000e+04
1.532600000000000000e+04
1.722600000000000000e+04
1.725600000000000000e+04
1.858400000000000000e+04
1.898900000000000000e+04
2.128400000000000000e+04
2.171400000000000000e+04
2.384000000000000000e+04
2.399800000000000000e+04
2.404200000000000000e+04
2.532800000000000000e+04
2.740600000000000000e+04
2.791400000000000000e+04
2.797600000000000000e+04
2.840700000000000000e+04
2.910000000000000000e+04
3.062600000000000000e+04
3.253600000000000000e+04
3.485900000000000000e+04
3.547400000000000000e+04
3.638600000000000000e+04
3.682800000000000000e+04
3.689400000000000000e+04
3.750800000000000000e+04
3.793200000000000000e+04
4.025600000000000000e+04
4.223200000000000000e+04
4.256200000000000000e+04
4.280400000000000000e+04
4.333800000000000000e+04
4.396600000000000000e+04
4.627500000000000000e+04
4.709300000000000000e+04
4.922200000000000000e+04
4.972400000000000000e+04
4.986400000000000000e+04
5.191200000000000000e+04
5.194200000000000000e+04
5.203800000000000000e+04
5.323400000000000000e+04
5.351000000000000000e+04
5.369400000000000000e+04
5.391000000000000000e+04
5.545800000000000000e+04
5.734600000000000000e+04
5.782200000000000000e+04
5.935200000000000000e+04
5.947800000000000000e+04
6.071400000000000000e+04
6.219800000000000000e+04
6.410900000000000000e+04
6.475600000000000000e+04
6.497400000000000000e+04
6.915400000000000000e+04
6.985600000000000000e+04
7.046600000000000000e+04
7.097400000000000000e+04
7.289400000000000000e+04
7.546200000000000000e+04
7.756400000000000000e+04
7.937800000000000000e+04
7.977200000000000000e+04
8.057000000000000000e+04
8.173200000000000000e+04
8.340400000000000000e+04
8.505000000000000000e+04
8.602200000000000000e+04
8.611400000000000000e+04
8.659400000000000000e+04
8.976600000000000000e+04
8.989200000000000000e+04
9.045400000000000000e+04
9.177800000000000000e+04
9.195200000000000000e+04
9.200400000000000000e+04
9.585900000000000000e+04
9.674000000000000000e+04
9.735800000000000000e+04
9.761300000000000000e+04
9.850800000000000000e+04
9.968800000000000000e+04
1.030220000000000000e+05
1.035540000000000000e+05
1.040620000000000000e+05
1.043260000000000000e+05
1.069020000000000000e+05
1.073940000000000000e+05
1.080320000000000000e+05
1.161030000000000000e+05
1.191160000000000000e+05
1.208940000000000000e+05
1.257260000000000000e+05
1.038000000000000000e+04
1.740100000000000000e+04
2.059200000000000000e+04
2.298400000000000000e+04
2.470200000000000000e+04
2.662100000000000000e+04
4.086800000000000000e+04
4.346100000000000000e+04
6.674800000000000000e+04
1.024920000000000000e+05
