3.146000000000000000e+03
4.251000000000000000e+03
4.278000000000000000e+03
4.876000000000000000e+03
5.108000000000000000e+03
5.220000000000000000e+03
5.652000000000000000e+03
5.993000000000000000e+03
6.277000000000000000e+03
6.570000000000000000e+03
7.058000000000000000e+03
7.118000000000000000e+03
8.223000000000000000e+03
9.700000000000000000e+03
9.851000000000000000e+03
1.061300000000000000e+04
1.084800000000000000e+04
1.127100000000000000e+04
1.316200000000000000e+04
1.364000000000000000e+04
1.376800000000000000e+04
1.440900000000000000e+04
1.458600000000000000e+04
1.462300000000000000e+04
1.482900000000000000e+04
1.524100000000000000e+04
1.563300000000000000e+04
1.577900000000000000e+04
1.594400000000000000e+04
1.781000000000000000e+04
1.859600000000000000e+04
1.892600000000000000e+04
1.994100000000000000e+04
2.042900000000000000e+04
2.117400000000000000e+04
2.121900000000000000e+04
2.206300000000000000e+04
2.280700000000000000e+04
2.311900000000000000e+04
2.376400000000000000e+04
2.431900000000000000e+04
2.435500000000000000e+04
2.476300000000000000e+04
2.486000000000000000e+04
2.680400000000000000e+04
2.797100000000000000e+04
2.819300000000000000e+04
2.875400000000000000e+04
2.887800000000000000e+04
2.945800000000000000e+04
3.011600000000000000e+04
3.037500000000000000e+04
3.075200000000000000e+04
3.099900000000000000e+04
3.201200000000000000e+04
3.282300000000000000e+04
3.338900000000000000e+04
3.365600000000000000e+04
3.376800000000000000e+04
3.454700000000000000e+04
3.508100000000000000e+04
3.667000000000000000e+04
3.709800000000000000e+04
3.716400000000000000e+04
3.812800000000000000e+04
3.867000000000000000e+04
3.879600000000000000e+04
3.913500000000000000e+04
4.005800000000000000e+04
4.061100000000000000e+04
4.110300000000000000e+04
4.197100000000000000e+04
4.228500000000000000e+04
4.295000000000000000e+04
4.297800000000000000e+04
4.359900000000000000e+04
4.464900000000000000e+04
4.528400000000000000e+04
4.541400000000000000e+04
4.634700000000000000e+04
4.659200000000000000e+04
4.674700000000000000e+04
4.687200000000000000e+04
4.728400000000000000e+04
4.798300000000000000e+04
4.969900000000000000e+04
5.008700000000000000e+04
5.022100000000000000e+04
5.154500000000000000e+04
5.167900000000000000e+04
5.229300000000000000e+04
5.318900000000000000e+04
5.344800000000000000e+04
5.364900000000000000e+04
5.367600000000000000e+04
5.503000000000000000e+04
5.645300000000000000e+04
5.675300000000000000e+04
5.706400000000000000e+04
5.713400000000000000e+04
5.877900000000000000e+04
5.939000000000000000e+04
5.941700000000000000e+04
5.943600000000000000e+04
6.042700000000000000e+04
6.061100000000000000e+04
6.183700000000000000e+04
6.235900000000000000e+04
6.316100000000000000e+04
6.358700000000000000e+04
6.540700000000000000e+04
6.547300000000000000e+04
6.586800000000000000e+04
6.714900000000000000e+04
6.758100000000000000e+04
6.857300000000000000e+04
6.919500000000000000e+04
6.921400000000000000e+04
6.944900000000000000e+04
6.953100000000000000e+04
7.004200000000000000e+04
7.007200000000000000e+04
7.021100000000000000e+04
7.070800000000000000e+04
7.105000000000000000e+04
7.234200000000000000e+04
7.264100000000000000e+04
7.298400000000000000e+04
7.401700000000000000e+04
7.494900000000000000e+04
7.498500000000000000e+04
7.604500000000000000e+04
7.686200000000000000e+04
7.760500000000000000e+04
7.807200000000000000e+04
7.929700000000000000e+04
7.953200000000000000e+04
7.990800000000000000e+04
7.996200000000000000e+04
8.056300000000000000e+04
8.071700000000000000e+04
8.100900000000000000e+04
8.214200000000000000e+04
8.291900000000000000e+04
8.396900000000000000e+04
8.550200000000000000e+04
8.557900000000000000e+04
8.564200000000000000e+04
8.611400000000000000e+04
8.634000000000000000e+04
8.638200000000000000e+04
8.664000000000000000e+04
8.677900000000000000e+04
8.679500000000000000e+04
8.689500000000000000e+04
8.697200000000000000e+04
8.919700000000000000e+04
8.943100000000000000e+04
8.986400000000000000e+04
9.068900000000000000e+04
9.184500000000000000e+04
9.216900000000000000e+04
9.294200000000000000e+04
9.295800000000000000e+04
9.318400000000000000e+04
9.420900000000000000e+04
9.459400000000000000e+04
9.587800000000000000e+04
9.621200000000000000e+04
9.634300000000000000e+04
9.643900000000000000e+04
9.794300000000000000e+04
9.976400000000000000e+04
9.978600000000000000e+04
9.993100000000000000e+04
9.996700000000000000e+04
1.002720000000000000e+05
1.017470000000000000e+05
1.021850000000000000e+05
1.033750000000000000e+05
1.038110000000000000e+05
1.040080000000000000e+05
1.045830000000000000e+05
1.048610000000000000e+05
1.059200000000000000e+05
1.067220000000000000e+05
1.072610000000000000e+05
1.075250000000000000e+05
1.078550000000000000e+05
1.081170000000000000e+05
1.085590000000000000e+05
1.093100000000000000e+05
1.098210000000000000e+05
1.106960000000000000e+05
1.111770000000000000e+05
1.112020000000000000e+05
1.124550000000000000e+05
1.134930000000000000e+05
1.139240000000000000e+05
1.141910000000000000e+05
1.150830000000000000e+05
1.151510000000000000e+05
1.161990000000000000e+05
1.164570000000000000e+05
1.166980000000000000e+05
1.177360000000000000e+05
1.180170000000000000e+05
1.182740000000000000e+05
1.190130000000000000e+05
1.195560000000000000e+05
1.204780000000000000e+05
1.207590000000000000e+05
1.209520000000000000e+05
1.214290000000000000e+05
1.218610000000000000e+05
1.224630000000000000e+05
1.225380000000000000e+05
1.226580000000000000e+05
1.234370000000000000e+05
1.234540000000000000e+05
1.237730000000000000e+05
1.244740000000000000e+05
1.255120000000000000e+05
1.282490000000000000e+05
1.285110000000000000e+05
9.752000000000000000e+03
1.198100000000000000e+04
1.597900000000000000e+04
1.720900000000000000e+04
1.754000000000000000e+04
2.127900000000000000e+04
2.199000000000000000e+04
2.274100000000000000e+04
2.300300000000000000e+04
2.650100000000000000e+04
2.826400000000000000e+04
3.134300000000000000e+04
3.501400000000000000e+04
3.936600000000000000e+04
3.984100000000000000e+04
4.230300000000000000e+04
4.255900000000000000e+04
5.853600000000000000e+04
5.874900000000000000e+04
6.637600000000000000e+04
7.023900000000000000e+04
7.827900000000000000e+04
8.230900000000000000e+04
8.573900000000000000e+04
8.975800000000000000e+04
9.019400000000000000e+04
9.626800000000000000e+04
1.025170000000000000e+05
1.036970000000000000e+05
