4.407000000000000000e+03
4.861000000000000000e+03
4.972000000000000000e+03
7.060000000000000000e+03
7.840000000000000000e+03
8.269000000000000000e+03
8.435000000000000000e+03
1.005500000000000000e+04
1.088500000000000000e+04
1.097400000000000000e+04
1.339100000000000000e+04
1.388100000000000000e+04
2.079000000000000000e+04
2.098300000000000000e+04
2.234900000000000000e+04
2.238000000000000000e+04
2.491300000000000000e+04
2.614100000000000000e+04
2.724900000000000000e+04
2.839300000000000000e+04
2.945500000000000000e+04
3.098500000000000000e+04
3.529700000000000000e+04
3.544300000000000000e+04
4.025300000000000000e+04
4.158500000000000000e+04
4.222700000000000000e+04
4.279500000000000000e+04
4.359900000000000000e+04
4.456500000000000000e+04
4.502400000000000000e+04
4.515300000000000000e+04
4.552900000000000000e+04
4.617700000000000000e+04
4.728800000000000000e+04
4.757300000000000000e+04
4.993100000000000000e+04
5.193100000000000000e+04
5.201900000000000000e+04
5.295700000000000000e+04
5.910900000000000000e+04
5.997700000000000000e+04
6.093500000000000000e+04
6.219500000000000000e+04
6.294200000000000000e+04
6.578300000000000000e+04
6.602900000000000000e+04
6.985100000000000000e+04
7.132900000000000000e+04
7.162300000000000000e+04
7.365500000000000000e+04
7.724300000000000000e+04
8.097300000000000000e+04
8.528100000000000000e+04
8.581600000000000000e+04
8.590100000000000000e+04
9.005500000000000000e+04
9.007200000000000000e+04
9.019500000000000000e+04
9.044800000000000000e+04
9.256000000000000000e+04
9.564200000000000000e+04
9.813500000000000000e+04
1.015660000000000000e+05
1.078550000000000000e+05
1.158660000000000000e+05
1.194450000000000000e+05
1.202310000000000000e+05
1.257150000000000000e+05
9.752000000000000000e+03
1.119900000000000000e+04
1.198100000000000000e+04
1.597900000000000000e+04
1.720900000000000000e+04
1.754000000000000000e+04
2.127900000000000000e+04
2.300300000000000000e+04
2.826400000000000000e+04
3.501400000000000000e+04
3.936600000000000000e+04
3.984100000000000000e+04
4.255900000000000000e+04
6.637600000000000000e+04
7.023900000000000000e+04
7.792700000000000000e+04
7.827900000000000000e+04
8.230900000000000000e+04
8.573900000000000000e+04
8.975800000000000000e+04
9.626800000000000000e+04
1.025170000000000000e+05
1.035900000000000000e+05
1.036970000000000000e+05
