4.657000000000000000e+03
4.978000000000000000e+03
5.594000000000000000e+03
6.284000000000000000e+03
6.714000000000000000e+03
7.300000000000000000e+03
8.822000000000000000e+03
9.402000000000000000e+03
1.055600000000000000e+04
1.422600000000000000e+04
1.477000000000000000e+04
1.532800000000000000e+04
1.588700000000000000e+04
1.722800000000000000e+04
1.826700000000000000e+04
1.858400000000000000e+04
2.128400000000000000e+04
2.171400000000000000e+04
2.399800000000000000e+04
2.470200000000000000e+04
2.476400000000000000e+04
2.528000000000000000e+04
2.592800000000000000e+04
2.605100000000000000e+04
2.791600000000000000e+04
2.797600000000000000e+04
2.840700000000000000e+04
2.874000000000000000e+04
3.028000000000000000e+04
3.181600000000000000e+04
3.475600000000000000e+04
3.486000000000000000e+04
3.610800000000000000e+04
3.638600000000000000e+04
3.689600000000000000e+04
3.750800000000000000e+04
3.877400000000000000e+04
3.901400000000000000e+04
4.025600000000000000e+04
4.120800000000000000e+04
4.151200000000000000e+04
4.220200000000000000e+04
4.316600000000000000e+04
4.396600000000000000e+04
4.441800000000000000e+04
4.627500000000000000e+04
4.709500000000000000e+04
4.922200000000000000e+04
4.986400000000000000e+04
5.014200000000000000e+04
5.191300000000000000e+04
5.287400000000000000e+04
5.351000000000000000e+04
5.369400000000000000e+04
5.384000000000000000e+04
5.391000000000000000e+04
5.545800000000000000e+04
5.590400000000000000e+04
5.935200000000000000e+04
5.947800000000000000e+04
6.035400000000000000e+04
6.130800000000000000e+04
6.219800000000000000e+04
6.461400000000000000e+04
6.548000000000000000e+04
6.867700000000000000e+04
6.915400000000000000e+04
7.097400000000000000e+04
7.217400000000000000e+04
7.226600000000000000e+04
7.474000000000000000e+04
7.893400000000000000e+04
7.901800000000000000e+04
8.013400000000000000e+04
8.035500000000000000e+04
8.057000000000000000e+04
8.133600000000000000e+04
8.340400000000000000e+04
8.389600000000000000e+04
8.505000000000000000e+04
8.602400000000000000e+04
8.611400000000000000e+04
8.659600000000000000e+04
8.917600000000000000e+04
8.952000000000000000e+04
9.012800000000000000e+04
9.045400000000000000e+04
9.178000000000000000e+04
9.195200000000000000e+04
9.200400000000000000e+04
9.252800000000000000e+04
9.550000000000000000e+04
9.674000000000000000e+04
9.689200000000000000e+04
9.735800000000000000e+04
9.850800000000000000e+04
9.896800000000000000e+04
1.035530000000000000e+05
1.037420000000000000e+05
1.043260000000000000e+05
1.047860000000000000e+05
1.055960000000000000e+05
1.065420000000000000e+05
1.091140000000000000e+05
1.171840000000000000e+05
1.191160000000000000e+05
1.208940000000000000e+05
1.257260000000000000e+05
1.266550000000000000e+05
1.038000000000000000e+04
1.740100000000000000e+04
2.059200000000000000e+04
2.298400000000000000e+04
2.662100000000000000e+04
4.086800000000000000e+04
4.346100000000000000e+04
6.674800000000000000e+04
1.024920000000000000e+05
