4.409000000000000000e+03
4.614000000000000000e+03
6.339000000000000000e+03
7.121000000000000000e+03
7.724000000000000000e+03
8.987000000000000000e+03
1.097600000000000000e+04
1.198100000000000000e+04
1.232000000000000000e+04
2.062200000000000000e+04
2.310400000000000000e+04
2.614100000000000000e+04
2.724900000000000000e+04
3.052900000000000000e+04
3.134400000000000000e+04
3.172000000000000000e+04
3.238000000000000000e+04
3.401000000000000000e+04
3.565600000000000000e+04
3.723800000000000000e+04
3.848500000000000000e+04
3.949000000000000000e+04
4.025400000000000000e+04
4.086700000000000000e+04
4.222700000000000000e+04
4.300100000000000000e+04
4.387300000000000000e+04
4.456400000000000000e+04
4.503700000000000000e+04
4.685100000000000000e+04
4.728800000000000000e+04
4.733200000000000000e+04
4.993100000000000000e+04
5.157100000000000000e+04
5.202100000000000000e+04
5.242400000000000000e+04
5.295700000000000000e+04
5.874900000000000000e+04
6.033600000000000000e+04
6.057600000000000000e+04
6.147600000000000000e+04
6.294500000000000000e+04
6.423600000000000000e+04
6.506500000000000000e+04
6.949200000000000000e+04
6.961000000000000000e+04
7.023900000000000000e+04
7.162400000000000000e+04
7.365500000000000000e+04
7.724300000000000000e+04
8.348600000000000000e+04
8.662000000000000000e+04
8.694100000000000000e+04
9.043500000000000000e+04
9.045100000000000000e+04
9.198900000000000000e+04
9.220000000000000000e+04
9.492300000000000000e+04
9.813700000000000000e+04
1.015670000000000000e+05
1.074950000000000000e+05
1.187260000000000000e+05
1.257150000000000000e+05
9.752000000000000000e+03
1.119900000000000000e+04
1.597900000000000000e+04
1.720900000000000000e+04
1.754000000000000000e+04
2.127900000000000000e+04
2.300300000000000000e+04
2.826400000000000000e+04
3.501400000000000000e+04
3.936600000000000000e+04
3.984100000000000000e+04
4.255900000000000000e+04
6.637600000000000000e+04
7.792700000000000000e+04
7.827900000000000000e+04
8.230900000000000000e+04
8.573900000000000000e+04
8.975800000000000000e+04
9.626800000000000000e+04
1.025170000000000000e+05
1.035900000000000000e+05
1.036970000000000000e+05
