3.372000000000000000e+03
4.657000000000000000e+03
4.976000000000000000e+03
5.992000000000000000e+03
6.314000000000000000e+03
7.364000000000000000e+03
7.661000000000000000e+03
9.180000000000000000e+03
9.402000000000000000e+03
1.091400000000000000e+04
1.175500000000000000e+04
1.422600000000000000e+04
1.568700000000000000e+04
1.624900000000000000e+04
1.689700000000000000e+04
1.750200000000000000e+04
1.794800000000000000e+04
1.801500000000000000e+04
2.128400000000000000e+04
2.171400000000000000e+04
2.399800000000000000e+04
2.419800000000000000e+04
2.532800000000000000e+04
2.827400000000000000e+04
2.840600000000000000e+04
2.873800000000000000e+04
2.905700000000000000e+04
3.032500000000000000e+04
3.064000000000000000e+04
3.073600000000000000e+04
3.475900000000000000e+04
3.486000000000000000e+04
3.682800000000000000e+04
3.689400000000000000e+04
3.710600000000000000e+04
3.714900000000000000e+04
3.757200000000000000e+04
4.098000000000000000e+04
4.102700000000000000e+04
4.256200000000000000e+04
4.259200000000000000e+04
4.396600000000000000e+04
4.441800000000000000e+04
4.496600000000000000e+04
4.555700000000000000e+04
4.709400000000000000e+04
4.914400000000000000e+04
4.958200000000000000e+04
5.014200000000000000e+04
5.119200000000000000e+04
5.233900000000000000e+04
5.275800000000000000e+04
5.323400000000000000e+04
5.351000000000000000e+04
5.369400000000000000e+04
5.391000000000000000e+04
5.509500000000000000e+04
5.875400000000000000e+04
5.894500000000000000e+04
5.935200000000000000e+04
6.219800000000000000e+04
6.389500000000000000e+04
6.598500000000000000e+04
6.727800000000000000e+04
6.867700000000000000e+04
6.915400000000000000e+04
6.929200000000000000e+04
7.097200000000000000e+04
7.100300000000000000e+04
7.226400000000000000e+04
7.300600000000000000e+04
7.430900000000000000e+04
7.654300000000000000e+04
7.713000000000000000e+04
7.720600000000000000e+04
7.786900000000000000e+04
8.009800000000000000e+04
8.085300000000000000e+04
8.093200000000000000e+04
8.107400000000000000e+04
8.169400000000000000e+04
8.290200000000000000e+04
8.340400000000000000e+04
8.461600000000000000e+04
8.602200000000000000e+04
8.659400000000000000e+04
8.719400000000000000e+04
8.728200000000000000e+04
8.793000000000000000e+04
8.858700000000000000e+04
8.917600000000000000e+04
8.952000000000000000e+04
9.012600000000000000e+04
9.172500000000000000e+04
9.177800000000000000e+04
9.195000000000000000e+04
9.333800000000000000e+04
9.360900000000000000e+04
9.380400000000000000e+04
9.456800000000000000e+04
9.746000000000000000e+04
9.824700000000000000e+04
9.995000000000000000e+04
1.013190000000000000e+05
1.043260000000000000e+05
1.044600000000000000e+05
1.047840000000000000e+05
1.055960000000000000e+05
1.091130000000000000e+05
1.105050000000000000e+05
1.113620000000000000e+05
1.121390000000000000e+05
1.140560000000000000e+05
1.164080000000000000e+05
1.171840000000000000e+05
1.179410000000000000e+05
1.191160000000000000e+05
1.212540000000000000e+05
1.213630000000000000e+05
1.245190000000000000e+05
1.260820000000000000e+05
1.269680000000000000e+05
1.038000000000000000e+04
1.740100000000000000e+04
2.059200000000000000e+04
2.298400000000000000e+04
2.470200000000000000e+04
2.662100000000000000e+04
4.086800000000000000e+04
4.346100000000000000e+04
6.674800000000000000e+04
1.024920000000000000e+05
