5.332000000000000000e+03
5.990000000000000000e+03
7.364000000000000000e+03
9.196000000000000000e+03
1.163500000000000000e+04
2.164200000000000000e+04
3.598300000000000000e+04
3.761200000000000000e+04
4.259100000000000000e+04
4.280200000000000000e+04
4.577100000000000000e+04
5.116400000000000000e+04
5.383800000000000000e+04
5.518300000000000000e+04
6.079000000000000000e+04
7.641100000000000000e+04
8.232200000000000000e+04
8.683200000000000000e+04
9.725300000000000000e+04
9.745900000000000000e+04
1.035510000000000000e+05
1.036020000000000000e+05
1.051430000000000000e+05
1.212530000000000000e+05
1.230740000000000000e+05
9.400000000000000000e+03
1.038000000000000000e+04
1.350400000000000000e+04
1.740100000000000000e+04
2.059200000000000000e+04
2.298400000000000000e+04
2.470200000000000000e+04
2.662100000000000000e+04
4.086800000000000000e+04
4.346100000000000000e+04
6.674800000000000000e+04
7.060600000000000000e+04
9.019800000000000000e+04
9.483200000000000000e+04
1.024920000000000000e+05
