4.657000000000000000e+03
5.234000000000000000e+03
8.020000000000000000e+03
8.516000000000000000e+03
9.182000000000000000e+03
1.532600000000000000e+04
1.588600000000000000e+04
1.689600000000000000e+04
1.722500000000000000e+04
1.750200000000000000e+04
2.059200000000000000e+04
2.327600000000000000e+04
2.532800000000000000e+04
2.704600000000000000e+04
2.840700000000000000e+04
2.899600000000000000e+04
2.905700000000000000e+04
3.181500000000000000e+04
3.475600000000000000e+04
3.557600000000000000e+04
3.682600000000000000e+04
3.689400000000000000e+04
3.750800000000000000e+04
4.120600000000000000e+04
4.133800000000000000e+04
4.256200000000000000e+04
4.405800000000000000e+04
4.496600000000000000e+04
4.627400000000000000e+04
4.709400000000000000e+04
5.191200000000000000e+04
5.239500000000000000e+04
5.251300000000000000e+04
5.261200000000000000e+04
5.350700000000000000e+04
5.355000000000000000e+04
5.626400000000000000e+04
6.255800000000000000e+04
6.359200000000000000e+04
6.410900000000000000e+04
6.425400000000000000e+04
6.867700000000000000e+04
7.060800000000000000e+04
7.154400000000000000e+04
7.217400000000000000e+04
7.726000000000000000e+04
7.937800000000000000e+04
8.071400000000000000e+04
8.353400000000000000e+04
8.433300000000000000e+04
8.520200000000000000e+04
8.623300000000000000e+04
8.674000000000000000e+04
8.719400000000000000e+04
8.979000000000000000e+04
9.084800000000000000e+04
9.225600000000000000e+04
9.524200000000000000e+04
9.746000000000000000e+04
9.968800000000000000e+04
1.031920000000000000e+05
1.065420000000000000e+05
1.073940000000000000e+05
1.082860000000000000e+05
1.087530000000000000e+05
1.168240000000000000e+05
1.198360000000000000e+05
1.234160000000000000e+05
1.260820000000000000e+05
1.038000000000000000e+04
1.740100000000000000e+04
2.298400000000000000e+04
2.662100000000000000e+04
4.346100000000000000e+04
6.674800000000000000e+04
1.024920000000000000e+05
