4.049000000000000000e+03
4.611000000000000000e+03
5.977000000000000000e+03
6.275000000000000000e+03
7.732000000000000000e+03
9.703000000000000000e+03
1.124200000000000000e+04
1.374800000000000000e+04
2.186900000000000000e+04
2.724800000000000000e+04
2.731400000000000000e+04
3.201700000000000000e+04
3.400600000000000000e+04
3.664300000000000000e+04
4.135600000000000000e+04
4.186300000000000000e+04
4.263900000000000000e+04
4.384500000000000000e+04
4.613300000000000000e+04
4.728400000000000000e+04
4.921400000000000000e+04
5.049200000000000000e+04
5.057300000000000000e+04
5.151700000000000000e+04
5.314300000000000000e+04
6.182900000000000000e+04
6.351900000000000000e+04
6.960800000000000000e+04
7.090200000000000000e+04
7.096900000000000000e+04
7.566900000000000000e+04
7.580700000000000000e+04
8.092300000000000000e+04
8.312800000000000000e+04
8.550300000000000000e+04
9.116300000000000000e+04
9.219600000000000000e+04
9.885300000000000000e+04
1.059340000000000000e+05
1.194420000000000000e+05
1.198730000000000000e+05
1.257130000000000000e+05
9.752000000000000000e+03
1.198100000000000000e+04
1.597900000000000000e+04
1.720900000000000000e+04
1.754000000000000000e+04
2.127900000000000000e+04
2.199000000000000000e+04
2.274100000000000000e+04
2.300300000000000000e+04
2.650100000000000000e+04
2.826400000000000000e+04
3.134300000000000000e+04
3.501400000000000000e+04
3.936600000000000000e+04
3.984100000000000000e+04
4.230300000000000000e+04
4.255900000000000000e+04
5.853600000000000000e+04
5.874900000000000000e+04
6.637600000000000000e+04
7.023900000000000000e+04
7.827900000000000000e+04
8.230900000000000000e+04
8.573900000000000000e+04
8.975800000000000000e+04
9.019400000000000000e+04
9.626800000000000000e+04
1.025170000000000000e+05
1.036970000000000000e+05
