5.334000000000000000e+03
1.055400000000000000e+04
1.894200000000000000e+04
2.899600000000000000e+04
2.909800000000000000e+04
3.475800000000000000e+04
4.468400000000000000e+04
5.058400000000000000e+04
5.297200000000000000e+04
5.335000000000000000e+04
5.347600000000000000e+04
6.115200000000000000e+04
7.060600000000000000e+04
8.268200000000000000e+04
9.117400000000000000e+04
9.483200000000000000e+04
9.601600000000000000e+04
1.039620000000000000e+05
1.055040000000000000e+05
1.194740000000000000e+05
9.400000000000000000e+03
1.038000000000000000e+04
1.350400000000000000e+04
1.740100000000000000e+04
2.059200000000000000e+04
2.298400000000000000e+04
2.470200000000000000e+04
2.662100000000000000e+04
4.086800000000000000e+04
4.346100000000000000e+04
6.674800000000000000e+04
9.019800000000000000e+04
1.024920000000000000e+05
