4.146000000000000000e+03
4.656000000000000000e+03
6.420000000000000000e+03
6.743000000000000000e+03
7.298000000000000000e+03
7.364000000000000000e+03
7.794000000000000000e+03
9.197000000000000000e+03
9.832000000000000000e+03
1.012400000000000000e+04
1.170000000000000000e+04
1.282800000000000000e+04
1.413000000000000000e+04
1.532800000000000000e+04
1.588600000000000000e+04
1.635200000000000000e+04
1.685900000000000000e+04
1.725600000000000000e+04
1.790400000000000000e+04
1.801100000000000000e+04
1.858400000000000000e+04
2.128200000000000000e+04
2.171400000000000000e+04
2.399800000000000000e+04
2.470200000000000000e+04
2.476400000000000000e+04
2.532800000000000000e+04
2.672000000000000000e+04
2.740600000000000000e+04
2.840700000000000000e+04
2.863600000000000000e+04
2.905600000000000000e+04
2.910000000000000000e+04
3.134600000000000000e+04
3.181500000000000000e+04
3.211200000000000000e+04
3.475400000000000000e+04
3.485800000000000000e+04
3.562700000000000000e+04
3.682600000000000000e+04
3.689400000000000000e+04
3.750800000000000000e+04
3.829200000000000000e+04
3.903700000000000000e+04
4.086800000000000000e+04
4.097800000000000000e+04
4.220200000000000000e+04
4.259200000000000000e+04
4.316400000000000000e+04
4.336800000000000000e+04
4.405800000000000000e+04
4.627400000000000000e+04
4.649200000000000000e+04
4.709200000000000000e+04
4.914200000000000000e+04
4.922200000000000000e+04
5.191200000000000000e+04
5.239400000000000000e+04
5.287400000000000000e+04
5.297400000000000000e+04
5.350800000000000000e+04
5.355000000000000000e+04
5.518200000000000000e+04
5.545800000000000000e+04
5.875400000000000000e+04
6.259000000000000000e+04
6.287200000000000000e+04
6.328000000000000000e+04
6.409700000000000000e+04
6.448600000000000000e+04
6.497400000000000000e+04
6.727800000000000000e+04
6.867700000000000000e+04
6.985800000000000000e+04
7.024800000000000000e+04
7.116400000000000000e+04
7.154400000000000000e+04
7.287000000000000000e+04
7.289400000000000000e+04
7.797800000000000000e+04
7.937800000000000000e+04
7.965400000000000000e+04
8.021000000000000000e+04
8.107400000000000000e+04
8.133500000000000000e+04
8.228900000000000000e+04
8.389600000000000000e+04
8.520200000000000000e+04
8.540800000000000000e+04
8.590600000000000000e+04
8.659400000000000000e+04
8.674000000000000000e+04
8.719400000000000000e+04
8.917600000000000000e+04
8.979000000000000000e+04
9.095100000000000000e+04
9.117400000000000000e+04
9.420700000000000000e+04
9.555200000000000000e+04
9.596000000000000000e+04
9.622000000000000000e+04
9.660700000000000000e+04
9.710000000000000000e+04
9.761300000000000000e+04
9.814800000000000000e+04
9.968800000000000000e+04
1.005050000000000000e+05
1.009560000000000000e+05
1.035520000000000000e+05
1.051440000000000000e+05
1.055960000000000000e+05
1.058980000000000000e+05
1.065420000000000000e+05
1.066610000000000000e+05
1.082860000000000000e+05
1.094740000000000000e+05
1.117070000000000000e+05
1.119050000000000000e+05
1.164640000000000000e+05
1.198360000000000000e+05
1.208940000000000000e+05
1.211520000000000000e+05
1.260820000000000000e+05
1.270120000000000000e+05
1.270310000000000000e+05
1.038000000000000000e+04
1.740100000000000000e+04
2.059200000000000000e+04
2.298400000000000000e+04
2.662100000000000000e+04
4.346100000000000000e+04
6.674800000000000000e+04
1.024920000000000000e+05
