4.975000000000000000e+03
7.649000000000000000e+03
8.794000000000000000e+03
1.004500000000000000e+04
1.006100000000000000e+04
1.060800000000000000e+04
1.340300000000000000e+04
1.410600000000000000e+04
1.676300000000000000e+04
2.150900000000000000e+04
2.279800000000000000e+04
2.837300000000000000e+04
3.135900000000000000e+04
3.237700000000000000e+04
3.268500000000000000e+04
3.508500000000000000e+04
3.565500000000000000e+04
3.740500000000000000e+04
4.010700000000000000e+04
4.097700000000000000e+04
4.186100000000000000e+04
4.243600000000000000e+04
4.300000000000000000e+04
4.324100000000000000e+04
4.420200000000000000e+04
4.574700000000000000e+04
4.757500000000000000e+04
4.768900000000000000e+04
4.908200000000000000e+04
4.957200000000000000e+04
5.166000000000000000e+04
5.192700000000000000e+04
5.206000000000000000e+04
5.331600000000000000e+04
5.549000000000000000e+04
5.625600000000000000e+04
5.788500000000000000e+04
6.212500000000000000e+04
6.258300000000000000e+04
6.398500000000000000e+04
6.720800000000000000e+04
7.032700000000000000e+04
7.079100000000000000e+04
7.125900000000000000e+04
7.365500000000000000e+04
7.602600000000000000e+04
7.712700000000000000e+04
7.724000000000000000e+04
8.200300000000000000e+04
8.312900000000000000e+04
8.662300000000000000e+04
8.707500000000000000e+04
8.766100000000000000e+04
8.798200000000000000e+04
9.007200000000000000e+04
9.299400000000000000e+04
9.445400000000000000e+04
9.600200000000000000e+04
9.930700000000000000e+04
9.940300000000000000e+04
9.994100000000000000e+04
1.002840000000000000e+05
1.059290000000000000e+05
1.074830000000000000e+05
1.096110000000000000e+05
1.109510000000000000e+05
1.113330000000000000e+05
1.139170000000000000e+05
1.189740000000000000e+05
1.190790000000000000e+05
1.191490000000000000e+05
1.207570000000000000e+05
1.244750000000000000e+05
1.253520000000000000e+05
9.752000000000000000e+03
1.198100000000000000e+04
1.597900000000000000e+04
1.720900000000000000e+04
1.754000000000000000e+04
2.127900000000000000e+04
2.199000000000000000e+04
2.274100000000000000e+04
2.300300000000000000e+04
2.650100000000000000e+04
2.826400000000000000e+04
3.134300000000000000e+04
3.501400000000000000e+04
3.936600000000000000e+04
3.984100000000000000e+04
4.230300000000000000e+04
4.255900000000000000e+04
5.853600000000000000e+04
5.874900000000000000e+04
6.637600000000000000e+04
7.023900000000000000e+04
7.827900000000000000e+04
8.230900000000000000e+04
8.573900000000000000e+04
8.975800000000000000e+04
9.019400000000000000e+04
9.626800000000000000e+04
1.025170000000000000e+05
1.035900000000000000e+05
1.036970000000000000e+05
