4.654000000000000000e+03
4.862000000000000000e+03
5.890000000000000000e+03
6.056000000000000000e+03
6.742000000000000000e+03
7.364000000000000000e+03
7.794000000000000000e+03
9.555000000000000000e+03
1.091400000000000000e+04
1.109000000000000000e+04
1.350400000000000000e+04
1.473400000000000000e+04
1.516600000000000000e+04
1.757600000000000000e+04
1.801000000000000000e+04
1.822100000000000000e+04
1.826400000000000000e+04
1.952800000000000000e+04
2.031100000000000000e+04
2.171100000000000000e+04
2.223400000000000000e+04
2.291600000000000000e+04
2.599800000000000000e+04
2.632400000000000000e+04
2.676400000000000000e+04
2.840600000000000000e+04
2.899400000000000000e+04
2.909800000000000000e+04
2.977600000000000000e+04
3.104300000000000000e+04
3.135800000000000000e+04
3.145500000000000000e+04
3.475500000000000000e+04
3.485800000000000000e+04
3.678600000000000000e+04
3.710600000000000000e+04
3.725200000000000000e+04
3.850800000000000000e+04
3.901200000000000000e+04
4.047500000000000000e+04
4.078800000000000000e+04
4.133600000000000000e+04
4.316400000000000000e+04
4.336800000000000000e+04
4.432600000000000000e+04
4.441600000000000000e+04
4.508600000000000000e+04
4.627100000000000000e+04
4.709200000000000000e+04
4.856000000000000000e+04
5.014200000000000000e+04
5.058200000000000000e+04
5.102600000000000000e+04
5.116600000000000000e+04
5.125800000000000000e+04
5.263000000000000000e+04
5.347800000000000000e+04
5.350800000000000000e+04
5.513600000000000000e+04
5.590200000000000000e+04
5.786300000000000000e+04
5.869600000000000000e+04
5.875400000000000000e+04
5.923600000000000000e+04
6.079000000000000000e+04
6.255800000000000000e+04
6.374400000000000000e+04
6.431000000000000000e+04
6.490200000000000000e+04
6.835800000000000000e+04
6.867600000000000000e+04
7.057600000000000000e+04
7.133000000000000000e+04
7.143900000000000000e+04
7.154400000000000000e+04
7.253400000000000000e+04
7.430700000000000000e+04
7.654000000000000000e+04
7.901400000000000000e+04
8.001200000000000000e+04
8.093000000000000000e+04
8.157000000000000000e+04
8.268000000000000000e+04
8.277200000000000000e+04
8.540800000000000000e+04
8.590400000000000000e+04
8.593800000000000000e+04
8.674200000000000000e+04
8.719200000000000000e+04
8.822000000000000000e+04
8.952000000000000000e+04
8.979000000000000000e+04
9.084600000000000000e+04
9.153000000000000000e+04
9.465600000000000000e+04
9.546200000000000000e+04
9.555400000000000000e+04
9.657800000000000000e+04
9.668000000000000000e+04
9.696600000000000000e+04
9.746000000000000000e+04
1.012220000000000000e+05
1.013160000000000000e+05
1.034360000000000000e+05
1.039600000000000000e+05
1.055040000000000000e+05
1.066180000000000000e+05
1.066620000000000000e+05
1.072600000000000000e+05
1.093660000000000000e+05
1.098320000000000000e+05
1.113500000000000000e+05
1.118300000000000000e+05
1.124950000000000000e+05
1.140920000000000000e+05
1.156620000000000000e+05
1.193340000000000000e+05
1.194740000000000000e+05
1.219720000000000000e+05
1.255940000000000000e+05
1.260820000000000000e+05
9.400000000000000000e+03
1.038000000000000000e+04
1.740100000000000000e+04
2.059200000000000000e+04
2.298400000000000000e+04
2.470200000000000000e+04
2.662100000000000000e+04
4.086800000000000000e+04
4.346100000000000000e+04
6.674800000000000000e+04
9.019800000000000000e+04
1.024920000000000000e+05
