5.334000000000000000e+03
5.376000000000000000e+03
7.004000000000000000e+03
7.660000000000000000e+03
1.091400000000000000e+04
1.350400000000000000e+04
1.858400000000000000e+04
2.128400000000000000e+04
2.676900000000000000e+04
2.863400000000000000e+04
2.909800000000000000e+04
3.439900000000000000e+04
3.901400000000000000e+04
4.078800000000000000e+04
4.336800000000000000e+04
4.432600000000000000e+04
4.627300000000000000e+04
4.986100000000000000e+04
5.210600000000000000e+04
5.239400000000000000e+04
5.263200000000000000e+04
5.297200000000000000e+04
5.567000000000000000e+04
5.590200000000000000e+04
5.875400000000000000e+04
6.079200000000000000e+04
6.359200000000000000e+04
7.133000000000000000e+04
7.430900000000000000e+04
7.901400000000000000e+04
8.268200000000000000e+04
8.906800000000000000e+04
9.048800000000000000e+04
9.117400000000000000e+04
9.483200000000000000e+04
9.668000000000000000e+04
9.710000000000000000e+04
1.009580000000000000e+05
1.039620000000000000e+05
1.047840000000000000e+05
1.175420000000000000e+05
1.194740000000000000e+05
1.260820000000000000e+05
9.400000000000000000e+03
1.038000000000000000e+04
1.740100000000000000e+04
2.059200000000000000e+04
2.298400000000000000e+04
2.470200000000000000e+04
2.662100000000000000e+04
4.086800000000000000e+04
4.346100000000000000e+04
6.674800000000000000e+04
9.019800000000000000e+04
1.024920000000000000e+05
