4.049000000000000000e+03
6.275000000000000000e+03
7.372000000000000000e+03
7.553000000000000000e+03
9.339000000000000000e+03
1.231700000000000000e+04
2.839500000000000000e+04
3.201600000000000000e+04
3.400600000000000000e+04
3.601600000000000000e+04
3.759200000000000000e+04
4.135600000000000000e+04
4.222300000000000000e+04
4.264000000000000000e+04
4.384500000000000000e+04
4.661100000000000000e+04
4.728400000000000000e+04
4.941500000000000000e+04
4.993300000000000000e+04
5.115800000000000000e+04
5.166500000000000000e+04
5.242200000000000000e+04
5.513100000000000000e+04
6.362700000000000000e+04
6.639100000000000000e+04
6.996900000000000000e+04
7.024900000000000000e+04
7.090200000000000000e+04
7.566900000000000000e+04
7.580600000000000000e+04
8.348200000000000000e+04
8.658300000000000000e+04
9.220500000000000000e+04
9.885300000000000000e+04
1.257160000000000000e+05
9.752000000000000000e+03
1.198100000000000000e+04
1.597900000000000000e+04
1.720900000000000000e+04
1.754000000000000000e+04
2.127900000000000000e+04
2.199000000000000000e+04
2.274100000000000000e+04
2.300300000000000000e+04
2.650100000000000000e+04
2.826400000000000000e+04
3.134300000000000000e+04
3.501400000000000000e+04
3.936600000000000000e+04
3.984100000000000000e+04
4.230300000000000000e+04
4.255900000000000000e+04
5.853600000000000000e+04
5.874900000000000000e+04
6.637600000000000000e+04
7.023900000000000000e+04
7.827900000000000000e+04
8.230900000000000000e+04
8.573900000000000000e+04
8.975800000000000000e+04
9.019400000000000000e+04
9.626800000000000000e+04
1.025170000000000000e+05
1.036970000000000000e+05
