6.742000000000000000e+03
1.235500000000000000e+04
3.475700000000000000e+04
4.577200000000000000e+04
4.928200000000000000e+04
5.405100000000000000e+04
6.903800000000000000e+04
8.303800000000000000e+04
1.039080000000000000e+05
1.058640000000000000e+05
1.113510000000000000e+05
9.400000000000000000e+03
1.038000000000000000e+04
1.350400000000000000e+04
1.740100000000000000e+04
2.059200000000000000e+04
2.298400000000000000e+04
2.470200000000000000e+04
2.662100000000000000e+04
4.086800000000000000e+04
4.346100000000000000e+04
6.674800000000000000e+04
7.060600000000000000e+04
9.019800000000000000e+04
9.483200000000000000e+04
1.024920000000000000e+05
