3.476000000000000000e+03
5.981000000000000000e+03
1.033200000000000000e+04
1.241500000000000000e+04
1.305500000000000000e+04
1.439800000000000000e+04
1.442600000000000000e+04
1.606500000000000000e+04
1.608600000000000000e+04
1.770300000000000000e+04
2.138800000000000000e+04
2.257800000000000000e+04
2.417600000000000000e+04
2.575200000000000000e+04
3.425800000000000000e+04
3.511200000000000000e+04
3.702500000000000000e+04
3.943000000000000000e+04
4.007000000000000000e+04
4.320600000000000000e+04
4.667600000000000000e+04
4.876100000000000000e+04
4.962700000000000000e+04
5.232700000000000000e+04
5.472700000000000000e+04
5.594600000000000000e+04
5.710600000000000000e+04
5.726000000000000000e+04
5.853000000000000000e+04
6.013800000000000000e+04
6.360000000000000000e+04
6.796600000000000000e+04
6.844000000000000000e+04
6.848500000000000000e+04
7.038100000000000000e+04
7.873800000000000000e+04
7.981800000000000000e+04
7.983400000000000000e+04
8.467800000000000000e+04
9.746000000000000000e+04
1.001740000000000000e+05
1.005680000000000000e+05
1.010700000000000000e+05
1.135000000000000000e+04
1.167000000000000000e+04
2.639100000000000000e+04
2.642000000000000000e+04
2.935700000000000000e+04
5.055500000000000000e+04
5.508600000000000000e+04
5.544500000000000000e+04
7.110400000000000000e+04
9.919700000000000000e+04
