2.901000000000000000e+03
5.195000000000000000e+03
5.671000000000000000e+03
5.987000000000000000e+03
7.755000000000000000e+03
8.661000000000000000e+03
8.683000000000000000e+03
9.123000000000000000e+03
9.637000000000000000e+03
9.885000000000000000e+03
1.011300000000000000e+04
1.037700000000000000e+04
1.144900000000000000e+04
1.154000000000000000e+04
1.211300000000000000e+04
1.343500000000000000e+04
1.362600000000000000e+04
1.404300000000000000e+04
1.416900000000000000e+04
1.510900000000000000e+04
1.583600000000000000e+04
1.706700000000000000e+04
1.711500000000000000e+04
1.770300000000000000e+04
1.894800000000000000e+04
1.983300000000000000e+04
2.037600000000000000e+04
2.179500000000000000e+04
2.199500000000000000e+04
2.336100000000000000e+04
2.369400000000000000e+04
2.381900000000000000e+04
2.390900000000000000e+04
2.488400000000000000e+04
2.575200000000000000e+04
2.764100000000000000e+04
2.823600000000000000e+04
2.828300000000000000e+04
2.965300000000000000e+04
2.971000000000000000e+04
3.011600000000000000e+04
3.013700000000000000e+04
3.026400000000000000e+04
3.366100000000000000e+04
3.442300000000000000e+04
3.536200000000000000e+04
3.563300000000000000e+04
3.565900000000000000e+04
3.660900000000000000e+04
3.785300000000000000e+04
3.789500000000000000e+04
3.813100000000000000e+04
3.877100000000000000e+04
3.902100000000000000e+04
4.047200000000000000e+04
4.215100000000000000e+04
4.231700000000000000e+04
4.344600000000000000e+04
4.418100000000000000e+04
4.597700000000000000e+04
4.746300000000000000e+04
4.861300000000000000e+04
4.962700000000000000e+04
5.058100000000000000e+04
5.089400000000000000e+04
5.191100000000000000e+04
5.210200000000000000e+04
5.217500000000000000e+04
5.265900000000000000e+04
5.341100000000000000e+04
5.477300000000000000e+04
5.562500000000000000e+04
5.574100000000000000e+04
5.710900000000000000e+04
5.734600000000000000e+04
5.762000000000000000e+04
5.859700000000000000e+04
5.882300000000000000e+04
6.036100000000000000e+04
6.090900000000000000e+04
6.170300000000000000e+04
6.220300000000000000e+04
6.260900000000000000e+04
6.312500000000000000e+04
6.467700000000000000e+04
6.623000000000000000e+04
6.801900000000000000e+04
6.844100000000000000e+04
6.849100000000000000e+04
6.863300000000000000e+04
6.899900000000000000e+04
7.044900000000000000e+04
7.085400000000000000e+04
7.270500000000000000e+04
7.296900000000000000e+04
7.372900000000000000e+04
7.495700000000000000e+04
7.503500000000000000e+04
7.509100000000000000e+04
7.558800000000000000e+04
7.879400000000000000e+04
7.991400000000000000e+04
8.004300000000000000e+04
8.006900000000000000e+04
8.017800000000000000e+04
8.118900000000000000e+04
8.278300000000000000e+04
8.340300000000000000e+04
8.351100000000000000e+04
8.447100000000000000e+04
8.496300000000000000e+04
8.607700000000000000e+04
8.612500000000000000e+04
8.626700000000000000e+04
8.702300000000000000e+04
8.838500000000000000e+04
9.051100000000000000e+04
9.053700000000000000e+04
9.103100000000000000e+04
9.112400000000000000e+04
9.337100000000000000e+04
9.398100000000000000e+04
9.469900000000000000e+04
9.518700000000000000e+04
9.641700000000000000e+04
9.752000000000000000e+04
9.760900000000000000e+04
9.902500000000000000e+04
9.917000000000000000e+04
9.932100000000000000e+04
9.982200000000000000e+04
1.002890000000000000e+05
1.004400000000000000e+05
1.016060000000000000e+05
1.135000000000000000e+04
1.167000000000000000e+04
2.639100000000000000e+04
2.642000000000000000e+04
2.913300000000000000e+04
5.222700000000000000e+04
5.508600000000000000e+04
6.097500000000000000e+04
9.919700000000000000e+04
