1.033200000000000000e+04
1.276600000000000000e+04
1.305300000000000000e+04
1.475000000000000000e+04
1.770300000000000000e+04
2.417600000000000000e+04
3.565800000000000000e+04
3.702700000000000000e+04
5.267000000000000000e+04
5.710900000000000000e+04
5.852800000000000000e+04
6.360000000000000000e+04
6.883400000000000000e+04
6.914200000000000000e+04
1.135000000000000000e+04
1.167000000000000000e+04
2.639100000000000000e+04
2.642000000000000000e+04
2.935700000000000000e+04
5.055500000000000000e+04
5.508600000000000000e+04
5.544500000000000000e+04
7.110400000000000000e+04
9.919700000000000000e+04
