2.607700000000000000e+04
2.796800000000000000e+04
3.592700000000000000e+04
3.800900000000000000e+04
4.318600000000000000e+04
4.397000000000000000e+04
4.461500000000000000e+04
4.587200000000000000e+04
5.173000000000000000e+04
5.978900000000000000e+04
6.433100000000000000e+04
6.814300000000000000e+04
7.054600000000000000e+04
7.063200000000000000e+04
7.712700000000000000e+04
7.750800000000000000e+04
7.762800000000000000e+04
8.312900000000000000e+04
8.437300000000000000e+04
8.608700000000000000e+04
9.652200000000000000e+04
9.952000000000000000e+04
2.913300000000000000e+04
4.808000000000000000e+04
5.222700000000000000e+04
5.544500000000000000e+04
7.110400000000000000e+04
8.873400000000000000e+04
