1.033100000000000000e+04
1.340400000000000000e+04
1.439900000000000000e+04
1.770300000000000000e+04
2.644900000000000000e+04
3.565500000000000000e+04
5.710800000000000000e+04
6.360000000000000000e+04
6.914200000000000000e+04
1.012610000000000000e+05
1.135000000000000000e+04
1.167000000000000000e+04
2.639100000000000000e+04
2.642000000000000000e+04
2.935700000000000000e+04
5.055500000000000000e+04
5.508600000000000000e+04
5.544500000000000000e+04
7.110400000000000000e+04
9.919700000000000000e+04
