2.533000000000000000e+03
3.825000000000000000e+03
5.281000000000000000e+03
7.519000000000000000e+03
9.284000000000000000e+03
9.585000000000000000e+03
1.023400000000000000e+04
1.040000000000000000e+04
1.047400000000000000e+04
1.106900000000000000e+04
1.276600000000000000e+04
1.305500000000000000e+04
1.442600000000000000e+04
1.475000000000000000e+04
1.573500000000000000e+04
1.606400000000000000e+04
1.750900000000000000e+04
1.769900000000000000e+04
1.896800000000000000e+04
2.069200000000000000e+04
2.090800000000000000e+04
2.257800000000000000e+04
2.347900000000000000e+04
2.416300000000000000e+04
2.456600000000000000e+04
2.575200000000000000e+04
2.678700000000000000e+04
2.684300000000000000e+04
3.087000000000000000e+04
3.247600000000000000e+04
3.267600000000000000e+04
3.347800000000000000e+04
3.375800000000000000e+04
3.466200000000000000e+04
3.476200000000000000e+04
3.495500000000000000e+04
3.594600000000000000e+04
3.648900000000000000e+04
3.668400000000000000e+04
3.730200000000000000e+04
3.743900000000000000e+04
3.820600000000000000e+04
3.908000000000000000e+04
4.077000000000000000e+04
4.185900000000000000e+04
4.274300000000000000e+04
4.355800000000000000e+04
4.362300000000000000e+04
4.443400000000000000e+04
4.569800000000000000e+04
4.597600000000000000e+04
4.746200000000000000e+04
4.756000000000000000e+04
4.962500000000000000e+04
5.159300000000000000e+04
5.181800000000000000e+04
5.232600000000000000e+04
5.244900000000000000e+04
5.311300000000000000e+04
5.410000000000000000e+04
5.517200000000000000e+04
5.540600000000000000e+04
5.641000000000000000e+04
5.734400000000000000e+04
5.777300000000000000e+04
5.814600000000000000e+04
5.831000000000000000e+04
5.853000000000000000e+04
6.013100000000000000e+04
6.137600000000000000e+04
6.240500000000000000e+04
6.290000000000000000e+04
6.553000000000000000e+04
6.564400000000000000e+04
6.654000000000000000e+04
6.796600000000000000e+04
6.816600000000000000e+04
6.883500000000000000e+04
6.913300000000000000e+04
7.038000000000000000e+04
7.089700000000000000e+04
7.267500000000000000e+04
7.305400000000000000e+04
7.412600000000000000e+04
7.759600000000000000e+04
7.816000000000000000e+04
7.873700000000000000e+04
8.016900000000000000e+04
8.376800000000000000e+04
8.417000000000000000e+04
8.444100000000000000e+04
8.457600000000000000e+04
8.467800000000000000e+04
8.472800000000000000e+04
9.022600000000000000e+04
9.027000000000000000e+04
9.032400000000000000e+04
9.185300000000000000e+04
9.311200000000000000e+04
9.432300000000000000e+04
9.746000000000000000e+04
9.912200000000000000e+04
9.916500000000000000e+04
9.972000000000000000e+04
1.003680000000000000e+05
1.008400000000000000e+05
1.008580000000000000e+05
1.009010000000000000e+05
1.135000000000000000e+04
1.167000000000000000e+04
2.639100000000000000e+04
2.642000000000000000e+04
2.935700000000000000e+04
5.055500000000000000e+04
5.508600000000000000e+04
5.544500000000000000e+04
7.110400000000000000e+04
9.919700000000000000e+04
