3.826000000000000000e+03
5.630000000000000000e+03
1.033200000000000000e+04
1.037600000000000000e+04
1.040000000000000000e+04
1.241500000000000000e+04
1.305400000000000000e+04
1.373400000000000000e+04
1.475000000000000000e+04
1.573600000000000000e+04
1.606500000000000000e+04
1.770300000000000000e+04
1.792200000000000000e+04
2.138900000000000000e+04
2.416200000000000000e+04
2.522700000000000000e+04
2.538300000000000000e+04
2.575200000000000000e+04
3.087000000000000000e+04
3.511200000000000000e+04
3.565500000000000000e+04
3.664600000000000000e+04
3.668400000000000000e+04
3.873000000000000000e+04
4.221800000000000000e+04
4.320600000000000000e+04
4.632300000000000000e+04
4.857800000000000000e+04
5.232600000000000000e+04
5.447300000000000000e+04
5.594600000000000000e+04
5.641000000000000000e+04
5.726000000000000000e+04
5.814600000000000000e+04
5.852800000000000000e+04
5.893900000000000000e+04
6.013800000000000000e+04
6.206200000000000000e+04
6.360000000000000000e+04
6.773900000000000000e+04
6.796600000000000000e+04
6.848500000000000000e+04
7.143600000000000000e+04
7.619800000000000000e+04
8.018600000000000000e+04
8.052000000000000000e+04
8.153800000000000000e+04
8.572900000000000000e+04
9.022600000000000000e+04
9.842500000000000000e+04
1.002180000000000000e+05
1.007200000000000000e+05
1.135000000000000000e+04
1.167000000000000000e+04
2.639100000000000000e+04
2.642000000000000000e+04
2.935700000000000000e+04
5.055500000000000000e+04
5.508600000000000000e+04
5.544500000000000000e+04
7.110400000000000000e+04
9.919700000000000000e+04
