1.033000000000000000e+04
1.241500000000000000e+04
1.305300000000000000e+04
1.407700000000000000e+04
1.440000000000000000e+04
1.573500000000000000e+04
1.770300000000000000e+04
2.103800000000000000e+04
2.417600000000000000e+04
2.575200000000000000e+04
3.565800000000000000e+04
3.702700000000000000e+04
4.047200000000000000e+04
4.962700000000000000e+04
5.675900000000000000e+04
5.685400000000000000e+04
5.734400000000000000e+04
5.852900000000000000e+04
6.360000000000000000e+04
6.844200000000000000e+04
6.883500000000000000e+04
7.943800000000000000e+04
8.016900000000000000e+04
1.005680000000000000e+05
1.135000000000000000e+04
1.167000000000000000e+04
2.639100000000000000e+04
2.642000000000000000e+04
2.935700000000000000e+04
5.055500000000000000e+04
5.508600000000000000e+04
5.544500000000000000e+04
7.110400000000000000e+04
9.919700000000000000e+04
