1.482000000000000000e+03
3.825000000000000000e+03
5.979000000000000000e+03
1.033200000000000000e+04
1.074900000000000000e+04
1.106900000000000000e+04
1.305400000000000000e+04
1.440000000000000000e+04
1.442800000000000000e+04
1.538600000000000000e+04
1.606400000000000000e+04
1.665300000000000000e+04
1.897000000000000000e+04
2.138900000000000000e+04
2.417600000000000000e+04
2.575200000000000000e+04
3.017000000000000000e+04
3.347800000000000000e+04
3.476200000000000000e+04
3.495500000000000000e+04
3.594600000000000000e+04
3.668400000000000000e+04
3.908000000000000000e+04
4.041800000000000000e+04
4.058900000000000000e+04
4.220900000000000000e+04
4.320600000000000000e+04
4.344100000000000000e+04
4.632300000000000000e+04
4.710200000000000000e+04
4.857800000000000000e+04
4.971800000000000000e+04
5.232600000000000000e+04
5.426100000000000000e+04
5.437600000000000000e+04
5.517200000000000000e+04
5.640900000000000000e+04
5.720400000000000000e+04
5.734400000000000000e+04
5.779400000000000000e+04
5.831000000000000000e+04
5.853000000000000000e+04
5.894000000000000000e+04
6.012900000000000000e+04
6.137600000000000000e+04
6.205500000000000000e+04
6.360000000000000000e+04
6.503400000000000000e+04
6.724200000000000000e+04
6.796600000000000000e+04
6.844200000000000000e+04
6.848500000000000000e+04
7.038000000000000000e+04
7.619800000000000000e+04
7.873700000000000000e+04
8.016900000000000000e+04
8.018600000000000000e+04
8.341600000000000000e+04
8.467900000000000000e+04
8.952800000000000000e+04
9.496400000000000000e+04
9.571900000000000000e+04
9.912400000000000000e+04
1.003680000000000000e+05
1.005700000000000000e+05
1.016050000000000000e+05
1.135000000000000000e+04
1.167000000000000000e+04
2.639100000000000000e+04
2.642000000000000000e+04
2.935700000000000000e+04
5.055500000000000000e+04
5.508600000000000000e+04
5.544500000000000000e+04
7.110400000000000000e+04
9.919700000000000000e+04
