2.881000000000000000e+03
3.476000000000000000e+03
5.281000000000000000e+03
6.220000000000000000e+03
7.167000000000000000e+03
9.631000000000000000e+03
1.040000000000000000e+04
1.106900000000000000e+04
1.121300000000000000e+04
1.128200000000000000e+04
1.276600000000000000e+04
1.305500000000000000e+04
1.333400000000000000e+04
1.475000000000000000e+04
1.573600000000000000e+04
1.606500000000000000e+04
1.652300000000000000e+04
1.715700000000000000e+04
1.735000000000000000e+04
2.090800000000000000e+04
2.173600000000000000e+04
2.345800000000000000e+04
2.573500000000000000e+04
2.575200000000000000e+04
2.579200000000000000e+04
2.592100000000000000e+04
3.005500000000000000e+04
3.063000000000000000e+04
3.087000000000000000e+04
3.267600000000000000e+04
3.347800000000000000e+04
3.375800000000000000e+04
3.439600000000000000e+04
3.466000000000000000e+04
3.476200000000000000e+04
3.565500000000000000e+04
3.631900000000000000e+04
3.734400000000000000e+04
3.738400000000000000e+04
3.855500000000000000e+04
4.047600000000000000e+04
4.076800000000000000e+04
4.093900000000000000e+04
4.220900000000000000e+04
4.274200000000000000e+04
4.387900000000000000e+04
4.425600000000000000e+04
4.720900000000000000e+04
4.745100000000000000e+04
4.806000000000000000e+04
4.927700000000000000e+04
5.182600000000000000e+04
5.232400000000000000e+04
5.244900000000000000e+04
5.379900000000000000e+04
5.409900000000000000e+04
5.426100000000000000e+04
5.447500000000000000e+04
5.471000000000000000e+04
5.609200000000000000e+04
5.708900000000000000e+04
5.710600000000000000e+04
5.726100000000000000e+04
5.734400000000000000e+04
5.777200000000000000e+04
5.782800000000000000e+04
5.894000000000000000e+04
6.137600000000000000e+04
6.240500000000000000e+04
6.325000000000000000e+04
6.538400000000000000e+04
6.553000000000000000e+04
6.689000000000000000e+04
6.796600000000000000e+04
6.816400000000000000e+04
6.843800000000000000e+04
6.848400000000000000e+04
7.213700000000000000e+04
7.305400000000000000e+04
7.342700000000000000e+04
7.628800000000000000e+04
7.864500000000000000e+04
8.016900000000000000e+04
8.018800000000000000e+04
8.188300000000000000e+04
8.337400000000000000e+04
8.341800000000000000e+04
8.374800000000000000e+04
8.422900000000000000e+04
8.486800000000000000e+04
8.607500000000000000e+04
8.701700000000000000e+04
9.067100000000000000e+04
9.092600000000000000e+04
9.255200000000000000e+04
9.432300000000000000e+04
9.662700000000000000e+04
9.746000000000000000e+04
9.901900000000000000e+04
9.912200000000000000e+04
9.924000000000000000e+04
1.003680000000000000e+05
1.005070000000000000e+05
1.005700000000000000e+05
1.011880000000000000e+05
1.012530000000000000e+05
1.135000000000000000e+04
1.167000000000000000e+04
2.639100000000000000e+04
2.642000000000000000e+04
5.055500000000000000e+04
5.508600000000000000e+04
5.544500000000000000e+04
7.110400000000000000e+04
9.919700000000000000e+04
