2.979000000000000000e+03
5.671000000000000000e+03
6.685000000000000000e+03
9.635000000000000000e+03
9.823000000000000000e+03
1.037700000000000000e+04
1.040700000000000000e+04
1.058300000000000000e+04
1.211300000000000000e+04
1.311600000000000000e+04
1.378400000000000000e+04
1.547100000000000000e+04
1.583800000000000000e+04
1.706700000000000000e+04
1.770300000000000000e+04
2.037800000000000000e+04
2.061100000000000000e+04
2.369400000000000000e+04
2.488500000000000000e+04
2.575300000000000000e+04
2.763900000000000000e+04
2.942000000000000000e+04
2.998500000000000000e+04
3.337500000000000000e+04
3.343700000000000000e+04
3.466500000000000000e+04
3.495800000000000000e+04
3.522500000000000000e+04
3.563300000000000000e+04
3.789500000000000000e+04
3.877100000000000000e+04
3.882800000000000000e+04
3.902100000000000000e+04
3.926100000000000000e+04
4.117700000000000000e+04
4.215100000000000000e+04
4.504100000000000000e+04
4.531700000000000000e+04
4.557900000000000000e+04
4.597700000000000000e+04
4.746300000000000000e+04
5.058100000000000000e+04
5.067500000000000000e+04
5.147500000000000000e+04
5.265900000000000000e+04
5.675900000000000000e+04
5.702300000000000000e+04
5.734600000000000000e+04
5.896300000000000000e+04
6.091100000000000000e+04
6.217100000000000000e+04
6.276100000000000000e+04
6.360100000000000000e+04
6.537700000000000000e+04
6.553200000000000000e+04
6.863500000000000000e+04
6.918900000000000000e+04
6.970100000000000000e+04
7.085300000000000000e+04
7.270500000000000000e+04
7.337900000000000000e+04
7.351700000000000000e+04
7.573500000000000000e+04
7.879400000000000000e+04
7.908100000000000000e+04
8.004100000000000000e+04
8.006900000000000000e+04
8.017700000000000000e+04
8.376900000000000000e+04
8.486900000000000000e+04
8.496300000000000000e+04
8.607700000000000000e+04
8.682500000000000000e+04
8.702100000000000000e+04
8.704300000000000000e+04
8.978500000000000000e+04
9.112400000000000000e+04
9.267100000000000000e+04
9.295200000000000000e+04
9.518700000000000000e+04
9.572700000000000000e+04
9.856100000000000000e+04
9.862100000000000000e+04
9.867400000000000000e+04
9.947300000000000000e+04
1.009110000000000000e+05
1.009870000000000000e+05
1.135000000000000000e+04
1.167000000000000000e+04
2.639100000000000000e+04
2.642000000000000000e+04
2.913300000000000000e+04
5.222700000000000000e+04
5.508600000000000000e+04
6.097500000000000000e+04
9.919700000000000000e+04
