4.874000000000000000e+03
5.281000000000000000e+03
7.168000000000000000e+03
9.631000000000000000e+03
1.040000000000000000e+04
1.106900000000000000e+04
1.206200000000000000e+04
1.305500000000000000e+04
1.333300000000000000e+04
1.442600000000000000e+04
1.475000000000000000e+04
1.538600000000000000e+04
1.606400000000000000e+04
1.735000000000000000e+04
1.791500000000000000e+04
2.090800000000000000e+04
2.347600000000000000e+04
2.381000000000000000e+04
2.419200000000000000e+04
2.575200000000000000e+04
2.579200000000000000e+04
2.935700000000000000e+04
3.087000000000000000e+04
3.267600000000000000e+04
3.431200000000000000e+04
3.511200000000000000e+04
3.565500000000000000e+04
3.738400000000000000e+04
3.855600000000000000e+04
3.873000000000000000e+04
4.076800000000000000e+04
4.129000000000000000e+04
4.220900000000000000e+04
4.710000000000000000e+04
4.962500000000000000e+04
5.232600000000000000e+04
5.409800000000000000e+04
5.426100000000000000e+04
5.517200000000000000e+04
5.640800000000000000e+04
5.760900000000000000e+04
5.814400000000000000e+04
5.825800000000000000e+04
5.852800000000000000e+04
5.909100000000000000e+04
6.137600000000000000e+04
6.240500000000000000e+04
6.359800000000000000e+04
6.538400000000000000e+04
6.587800000000000000e+04
6.689000000000000000e+04
6.781400000000000000e+04
6.848400000000000000e+04
6.913600000000000000e+04
7.213700000000000000e+04
7.270400000000000000e+04
7.934300000000000000e+04
8.018800000000000000e+04
8.051900000000000000e+04
8.188700000000000000e+04
8.341600000000000000e+04
8.527400000000000000e+04
8.572700000000000000e+04
8.616800000000000000e+04
9.092400000000000000e+04
9.746000000000000000e+04
9.912200000000000000e+04
9.924000000000000000e+04
1.005700000000000000e+05
1.010680000000000000e+05
1.016050000000000000e+05
1.135000000000000000e+04
1.167000000000000000e+04
2.639100000000000000e+04
2.642000000000000000e+04
5.055500000000000000e+04
5.508600000000000000e+04
5.544500000000000000e+04
7.110400000000000000e+04
9.919700000000000000e+04
