3.476000000000000000e+03
4.406000000000000000e+03
5.281000000000000000e+03
5.870000000000000000e+03
6.817000000000000000e+03
9.629000000000000000e+03
9.774000000000000000e+03
1.037600000000000000e+04
1.040000000000000000e+04
1.045800000000000000e+04
1.121300000000000000e+04
1.206200000000000000e+04
1.305500000000000000e+04
1.368500000000000000e+04
1.443000000000000000e+04
1.475000000000000000e+04
1.501500000000000000e+04
1.573500000000000000e+04
1.596400000000000000e+04
1.769700000000000000e+04
1.791900000000000000e+04
1.820700000000000000e+04
2.026200000000000000e+04
2.090800000000000000e+04
2.104600000000000000e+04
2.121700000000000000e+04
2.128600000000000000e+04
2.222700000000000000e+04
2.347900000000000000e+04
2.416100000000000000e+04
2.540200000000000000e+04
2.579200000000000000e+04
2.678700000000000000e+04
2.755600000000000000e+04
2.906600000000000000e+04
2.935700000000000000e+04
3.087000000000000000e+04
3.267400000000000000e+04
3.347800000000000000e+04
3.375800000000000000e+04
3.466000000000000000e+04
3.475900000000000000e+04
3.508600000000000000e+04
3.565500000000000000e+04
3.568900000000000000e+04
3.668400000000000000e+04
3.765200000000000000e+04
3.855600000000000000e+04
3.944400000000000000e+04
4.047600000000000000e+04
4.077000000000000000e+04
4.220900000000000000e+04
4.283800000000000000e+04
4.309300000000000000e+04
4.320500000000000000e+04
4.443300000000000000e+04
4.597600000000000000e+04
4.675000000000000000e+04
4.676600000000000000e+04
4.756000000000000000e+04
4.806200000000000000e+04
4.927700000000000000e+04
5.182600000000000000e+04
5.210000000000000000e+04
5.232600000000000000e+04
5.311300000000000000e+04
5.352600000000000000e+04
5.374700000000000000e+04
5.414800000000000000e+04
5.426100000000000000e+04
5.447000000000000000e+04
5.540800000000000000e+04
5.609200000000000000e+04
5.699500000000000000e+04
5.710600000000000000e+04
5.760800000000000000e+04
5.777200000000000000e+04
5.782800000000000000e+04
5.861000000000000000e+04
5.942700000000000000e+04
5.950700000000000000e+04
6.102800000000000000e+04
6.240500000000000000e+04
6.325000000000000000e+04
6.538400000000000000e+04
6.553100000000000000e+04
6.724200000000000000e+04
6.796600000000000000e+04
6.810300000000000000e+04
6.816400000000000000e+04
6.848400000000000000e+04
6.913500000000000000e+04
6.967400000000000000e+04
7.213700000000000000e+04
7.217600000000000000e+04
7.267500000000000000e+04
7.305400000000000000e+04
7.517300000000000000e+04
7.816000000000000000e+04
7.873700000000000000e+04
7.899400000000000000e+04
8.016900000000000000e+04
8.053600000000000000e+04
8.288500000000000000e+04
8.306800000000000000e+04
8.337600000000000000e+04
8.353100000000000000e+04
8.444400000000000000e+04
8.467800000000000000e+04
8.472600000000000000e+04
8.486800000000000000e+04
8.666800000000000000e+04
8.721600000000000000e+04
9.022600000000000000e+04
9.062000000000000000e+04
9.066500000000000000e+04
9.143400000000000000e+04
9.155800000000000000e+04
9.196100000000000000e+04
9.255200000000000000e+04
9.315400000000000000e+04
9.417800000000000000e+04
9.432300000000000000e+04
9.461400000000000000e+04
9.545000000000000000e+04
9.694000000000000000e+04
9.746000000000000000e+04
9.854200000000000000e+04
9.902200000000000000e+04
9.912200000000000000e+04
1.002200000000000000e+05
1.003680000000000000e+05
1.011880000000000000e+05
1.012550000000000000e+05
1.135000000000000000e+04
1.167000000000000000e+04
2.639100000000000000e+04
2.642000000000000000e+04
5.055500000000000000e+04
5.508600000000000000e+04
5.544500000000000000e+04
7.110400000000000000e+04
9.919700000000000000e+04
