3.831000000000000000e+03
4.594000000000000000e+03
8.431000000000000000e+03
8.594000000000000000e+03
1.081400000000000000e+04
1.083100000000000000e+04
1.540600000000000000e+04
1.615600000000000000e+04
1.736400000000000000e+04
1.932000000000000000e+04
1.956400000000000000e+04
2.066200000000000000e+04
2.104600000000000000e+04
2.540600000000000000e+04
2.607700000000000000e+04
2.866800000000000000e+04
3.162700000000000000e+04
3.243500000000000000e+04
3.446500000000000000e+04
3.671100000000000000e+04
3.697600000000000000e+04
4.291700000000000000e+04
4.351500000000000000e+04
4.531400000000000000e+04
4.570500000000000000e+04
4.583800000000000000e+04
5.043500000000000000e+04
5.051700000000000000e+04
5.070800000000000000e+04
5.172800000000000000e+04
5.462000000000000000e+04
5.818700000000000000e+04
5.979600000000000000e+04
6.061400000000000000e+04
6.326000000000000000e+04
6.537700000000000000e+04
6.814300000000000000e+04
7.045000000000000000e+04
7.054400000000000000e+04
7.242400000000000000e+04
7.606600000000000000e+04
7.762600000000000000e+04
7.908500000000000000e+04
7.914500000000000000e+04
8.251800000000000000e+04
8.302900000000000000e+04
8.340700000000000000e+04
8.437500000000000000e+04
8.538600000000000000e+04
8.684000000000000000e+04
8.766900000000000000e+04
9.208200000000000000e+04
9.255900000000000000e+04
9.372600000000000000e+04
9.384700000000000000e+04
9.427200000000000000e+04
9.456900000000000000e+04
9.607700000000000000e+04
9.786200000000000000e+04
9.810500000000000000e+04
9.815500000000000000e+04
9.999500000000000000e+04
1.001780000000000000e+05
1.004230000000000000e+05
1.007240000000000000e+05
1.019680000000000000e+05
2.913300000000000000e+04
4.808000000000000000e+04
5.222700000000000000e+04
5.544500000000000000e+04
7.110400000000000000e+04
8.873400000000000000e+04
