2.979000000000000000e+03
7.383000000000000000e+03
1.033600000000000000e+04
1.040100000000000000e+04
1.723300000000000000e+04
1.770300000000000000e+04
2.488500000000000000e+04
2.575300000000000000e+04
3.343700000000000000e+04
3.466500000000000000e+04
3.565700000000000000e+04
3.867100000000000000e+04
4.082700000000000000e+04
4.816100000000000000e+04
5.267600000000000000e+04
5.300900000000000000e+04
5.710900000000000000e+04
5.896500000000000000e+04
6.276100000000000000e+04
6.325100000000000000e+04
6.983700000000000000e+04
7.751400000000000000e+04
7.949300000000000000e+04
8.577900000000000000e+04
9.260300000000000000e+04
9.267100000000000000e+04
9.422100000000000000e+04
9.572500000000000000e+04
1.135000000000000000e+04
1.167000000000000000e+04
2.639100000000000000e+04
2.642000000000000000e+04
2.913300000000000000e+04
5.222700000000000000e+04
5.508600000000000000e+04
6.097500000000000000e+04
9.919700000000000000e+04
