2.662000000000000000e+03
4.182000000000000000e+03
7.579000000000000000e+03
8.782000000000000000e+03
9.007000000000000000e+03
1.081400000000000000e+04
1.139600000000000000e+04
1.258000000000000000e+04
1.506200000000000000e+04
1.512800000000000000e+04
1.806200000000000000e+04
2.066200000000000000e+04
2.072300000000000000e+04
2.349600000000000000e+04
2.363600000000000000e+04
3.617000000000000000e+04
3.621700000000000000e+04
3.696400000000000000e+04
3.848600000000000000e+04
4.262200000000000000e+04
4.327300000000000000e+04
4.531400000000000000e+04
4.570500000000000000e+04
4.618800000000000000e+04
4.727600000000000000e+04
4.816800000000000000e+04
5.010200000000000000e+04
5.070800000000000000e+04
5.093200000000000000e+04
5.630200000000000000e+04
6.057600000000000000e+04
6.083900000000000000e+04
6.271600000000000000e+04
6.775200000000000000e+04
6.989700000000000000e+04
7.044800000000000000e+04
7.063400000000000000e+04
7.548000000000000000e+04
7.571900000000000000e+04
7.670600000000000000e+04
7.762400000000000000e+04
7.812200000000000000e+04
7.948800000000000000e+04
8.179200000000000000e+04
8.251800000000000000e+04
8.304100000000000000e+04
8.417100000000000000e+04
8.437500000000000000e+04
8.456200000000000000e+04
8.538600000000000000e+04
8.652600000000000000e+04
8.737400000000000000e+04
9.006200000000000000e+04
9.016200000000000000e+04
9.427200000000000000e+04
9.435200000000000000e+04
9.582200000000000000e+04
9.782800000000000000e+04
9.815500000000000000e+04
9.856100000000000000e+04
9.999500000000000000e+04
2.913300000000000000e+04
4.808000000000000000e+04
5.222700000000000000e+04
5.544500000000000000e+04
7.110400000000000000e+04
8.873400000000000000e+04
