3.083000000000000000e+03
3.366000000000000000e+03
3.405000000000000000e+03
8.162000000000000000e+03
8.243000000000000000e+03
9.080000000000000000e+03
9.833000000000000000e+03
1.116500000000000000e+04
1.315100000000000000e+04
1.736400000000000000e+04
1.956400000000000000e+04
1.996600000000000000e+04
2.012100000000000000e+04
2.072000000000000000e+04
2.503400000000000000e+04
3.142900000000000000e+04
3.229500000000000000e+04
3.243600000000000000e+04
3.551400000000000000e+04
3.697600000000000000e+04
3.827100000000000000e+04
3.836000000000000000e+04
4.327100000000000000e+04
4.330000000000000000e+04
4.589900000000000000e+04
4.613900000000000000e+04
4.688700000000000000e+04
4.880700000000000000e+04
4.886800000000000000e+04
5.010700000000000000e+04
5.877400000000000000e+04
6.066000000000000000e+04
6.224200000000000000e+04
6.271600000000000000e+04
6.480200000000000000e+04
6.718000000000000000e+04
7.042400000000000000e+04
7.089300000000000000e+04
7.115100000000000000e+04
7.133000000000000000e+04
7.386700000000000000e+04
7.466900000000000000e+04
7.611300000000000000e+04
7.762600000000000000e+04
7.810200000000000000e+04
7.888700000000000000e+04
7.953200000000000000e+04
8.096800000000000000e+04
8.251800000000000000e+04
8.369400000000000000e+04
8.437300000000000000e+04
8.452600000000000000e+04
8.748400000000000000e+04
8.941600000000000000e+04
9.006000000000000000e+04
9.068800000000000000e+04
9.386700000000000000e+04
9.629600000000000000e+04
9.652000000000000000e+04
9.786200000000000000e+04
9.972300000000000000e+04
9.999500000000000000e+04
1.014260000000000000e+05
2.913300000000000000e+04
4.808000000000000000e+04
5.222700000000000000e+04
5.544500000000000000e+04
7.110400000000000000e+04
8.873400000000000000e+04
