5.082000000000000000e+03
5.352000000000000000e+03
5.470000000000000000e+03
6.566000000000000000e+03
7.823000000000000000e+03
8.228000000000000000e+03
8.370000000000000000e+03
9.152000000000000000e+03
9.470000000000000000e+03
9.502000000000000000e+03
1.339000000000000000e+04
1.345600000000000000e+04
1.631200000000000000e+04
1.675200000000000000e+04
1.777800000000000000e+04
1.937800000000000000e+04
2.233400000000000000e+04
2.364800000000000000e+04
2.461000000000000000e+04
2.511400000000000000e+04
2.615600000000000000e+04
2.628200000000000000e+04
2.889000000000000000e+04
2.904000000000000000e+04
3.156600000000000000e+04
3.248800000000000000e+04
3.481400000000000000e+04
3.489200000000000000e+04
3.741400000000000000e+04
3.888800000000000000e+04
3.912000000000000000e+04
3.916800000000000000e+04
4.000000000000000000e+04
4.038400000000000000e+04
4.291600000000000000e+04
4.295900000000000000e+04
4.316400000000000000e+04
4.324000000000000000e+04
4.326400000000000000e+04
4.423000000000000000e+04
4.452800000000000000e+04
4.587200000000000000e+04
4.610200000000000000e+04
4.893800000000000000e+04
5.119000000000000000e+04
5.177600000000000000e+04
5.308400000000000000e+04
5.339400000000000000e+04
5.425400000000000000e+04
5.676000000000000000e+04
5.685000000000000000e+04
6.009900000000000000e+04
6.113600000000000000e+04
6.257400000000000000e+04
6.372800000000000000e+04
6.546800000000000000e+04
6.558600000000000000e+04
6.562200000000000000e+04
6.684600000000000000e+04
6.855300000000000000e+04
6.939200000000000000e+04
6.961800000000000000e+04
6.993000000000000000e+04
7.115600000000000000e+04
7.228400000000000000e+04
7.357200000000000000e+04
7.363300000000000000e+04
7.520100000000000000e+04
7.533200000000000000e+04
7.630600000000000000e+04
7.697400000000000000e+04
7.921400000000000000e+04
7.947500000000000000e+04
7.960800000000000000e+04
7.967000000000000000e+04
7.996900000000000000e+04
8.052900000000000000e+04
8.198600000000000000e+04
8.378800000000000000e+04
8.510400000000000000e+04
8.639200000000000000e+04
8.756900000000000000e+04
8.771000000000000000e+04
8.774600000000000000e+04
8.804000000000000000e+04
8.894400000000000000e+04
9.073400000000000000e+04
9.201500000000000000e+04
9.206800000000000000e+04
9.228600000000000000e+04
9.233000000000000000e+04
9.324400000000000000e+04
9.379100000000000000e+04
9.599500000000000000e+04
9.887400000000000000e+04
9.916000000000000000e+04
1.005940000000000000e+05
1.017260000000000000e+05
1.018380000000000000e+05
1.020150000000000000e+05
1.035620000000000000e+05
1.073030000000000000e+05
1.073440000000000000e+05
1.085620000000000000e+05
1.086140000000000000e+05
1.089100000000000000e+05
1.099400000000000000e+05
1.104660000000000000e+05
1.105260000000000000e+05
1.114600000000000000e+05
1.146840000000000000e+05
1.159660000000000000e+05
1.160440000000000000e+05
1.171880000000000000e+05
1.186780000000000000e+05
1.200160000000000000e+05
1.202080000000000000e+05
1.211520000000000000e+05
1.212820000000000000e+05
1.217560000000000000e+05
1.226390000000000000e+05
1.241020000000000000e+05
1.241240000000000000e+05
1.242500000000000000e+05
1.268640000000000000e+05
1.281940000000000000e+05
1.285830000000000000e+05
1.296140000000000000e+05
1.299240000000000000e+05
1.300860000000000000e+05
1.311980000000000000e+05
1.314280000000000000e+05
1.341060000000000000e+05
1.355540000000000000e+05
1.366840000000000000e+05
1.367620000000000000e+05
1.382880000000000000e+05
1.385120000000000000e+05
1.398440000000000000e+05
1.398680000000000000e+05
1.407740000000000000e+05
1.408320000000000000e+05
1.425820000000000000e+05
1.427820000000000000e+05
1.439260000000000000e+05
1.469640000000000000e+05
1.478680000000000000e+05
1.480760000000000000e+05
1.482920000000000000e+05
1.494290000000000000e+05
1.508970000000000000e+05
1.521080000000000000e+05
1.521700000000000000e+05
1.525220000000000000e+05
1.550120000000000000e+05
1.551960000000000000e+05
1.562260000000000000e+05
1.619960000000000000e+05
1.622620000000000000e+05
1.633180000000000000e+05
1.636410000000000000e+05
1.646060000000000000e+05
1.648880000000000000e+05
1.650200000000000000e+05
1.650820000000000000e+05
1.651080000000000000e+05
1.688900000000000000e+05
1.703380000000000000e+05
1.705500000000000000e+05
1.719940000000000000e+05
1.738590000000000000e+05
1.743910000000000000e+05
1.746240000000000000e+05
1.773110000000000000e+05
1.789060000000000000e+05
1.790180000000000000e+05
1.828760000000000000e+05
1.833040000000000000e+05
1.843960000000000000e+05
1.857760000000000000e+05
1.873360000000000000e+05
1.885240000000000000e+05
1.912540000000000000e+05
1.916320000000000000e+05
1.925120000000000000e+05
1.927520000000000000e+05
1.930700000000000000e+05
1.931640000000000000e+05
1.939660000000000000e+05
1.943700000000000000e+05
1.945440000000000000e+05
1.956700000000000000e+05
1.999160000000000000e+05
2.023840000000000000e+05
2.024860000000000000e+05
2.029240000000000000e+05
2.057730000000000000e+05
2.069880000000000000e+05
2.082140000000000000e+05
2.096340000000000000e+05
2.111680000000000000e+05
2.112500000000000000e+05
2.123300000000000000e+05
2.127420000000000000e+05
2.136110000000000000e+05
2.137950000000000000e+05
2.152890000000000000e+05
2.169120000000000000e+05
2.169600000000000000e+05
2.207460000000000000e+05
2.226420000000000000e+05
2.234460000000000000e+05
2.247720000000000000e+05
2.264720000000000000e+05
2.277820000000000000e+05
2.279000000000000000e+05
2.289080000000000000e+05
2.292190000000000000e+05
2.295800000000000000e+05
2.307440000000000000e+05
2.307800000000000000e+05
2.309460000000000000e+05
2.391300000000000000e+05
2.399420000000000000e+05
2.404680000000000000e+05
2.416110000000000000e+05
2.447510000000000000e+05
2.449780000000000000e+05
2.474140000000000000e+05
2.488940000000000000e+05
2.489980000000000000e+05
2.501680000000000000e+05
2.516500000000000000e+05
2.527720000000000000e+05
2.542200000000000000e+05
2.573240000000000000e+05
2.614820000000000000e+05
2.625530000000000000e+05
2.641970000000000000e+05
2.643010000000000000e+05
2.657750000000000000e+05
2.671440000000000000e+05
2.682980000000000000e+05
2.695300000000000000e+05
2.698180000000000000e+05
2.714200000000000000e+05
2.715000000000000000e+05
2.745140000000000000e+05
2.765760000000000000e+05
2.462780000000000000e+05
