6.486000000000000000e+03
6.566000000000000000e+03
6.750000000000000000e+03
6.962000000000000000e+03
7.828000000000000000e+03
9.154000000000000000e+03
9.499000000000000000e+03
1.103000000000000000e+04
1.269000000000000000e+04
1.345800000000000000e+04
1.631200000000000000e+04
1.937800000000000000e+04
2.084800000000000000e+04
2.671200000000000000e+04
2.749000000000000000e+04
3.296600000000000000e+04
3.349200000000000000e+04
3.621000000000000000e+04
3.911200000000000000e+04
4.151600000000000000e+04
4.172800000000000000e+04
4.301200000000000000e+04
4.316600000000000000e+04
4.323600000000000000e+04
4.423000000000000000e+04
4.587200000000000000e+04
4.605800000000000000e+04
5.033800000000000000e+04
5.177400000000000000e+04
5.339000000000000000e+04
5.399000000000000000e+04
5.587800000000000000e+04
5.816000000000000000e+04
5.824800000000000000e+04
6.117800000000000000e+04
6.442600000000000000e+04
6.542000000000000000e+04
6.698400000000000000e+04
6.964600000000000000e+04
6.982000000000000000e+04
7.079000000000000000e+04
7.115600000000000000e+04
7.272500000000000000e+04
7.697400000000000000e+04
7.921200000000000000e+04
7.927200000000000000e+04
8.036800000000000000e+04
8.379000000000000000e+04
8.544600000000000000e+04
8.639400000000000000e+04
8.650200000000000000e+04
8.910800000000000000e+04
8.913800000000000000e+04
9.044400000000000000e+04
9.073200000000000000e+04
9.084000000000000000e+04
9.228800000000000000e+04
9.232800000000000000e+04
9.239200000000000000e+04
9.486000000000000000e+04
9.529800000000000000e+04
9.636000000000000000e+04
9.887400000000000000e+04
1.020180000000000000e+05
1.031280000000000000e+05
1.032380000000000000e+05
1.033940000000000000e+05
1.049620000000000000e+05
1.073030000000000000e+05
1.103060000000000000e+05
1.126280000000000000e+05
1.160420000000000000e+05
1.171880000000000000e+05
1.181120000000000000e+05
1.184800000000000000e+05
1.214780000000000000e+05
1.225520000000000000e+05
1.231560000000000000e+05
1.240410000000000000e+05
1.242460000000000000e+05
1.262120000000000000e+05
1.268140000000000000e+05
1.268620000000000000e+05
1.314820000000000000e+05
1.320060000000000000e+05
1.326060000000000000e+05
1.328240000000000000e+05
1.355500000000000000e+05
1.398440000000000000e+05
1.415320000000000000e+05
1.421740000000000000e+05
1.439780000000000000e+05
1.450760000000000000e+05
1.467280000000000000e+05
1.469640000000000000e+05
1.480720000000000000e+05
1.521080000000000000e+05
1.551940000000000000e+05
1.564140000000000000e+05
1.597260000000000000e+05
1.615440000000000000e+05
1.619960000000000000e+05
1.648880000000000000e+05
1.650130000000000000e+05
1.650820000000000000e+05
1.665080000000000000e+05
1.688900000000000000e+05
1.696400000000000000e+05
1.719480000000000000e+05
1.722960000000000000e+05
1.733920000000000000e+05
1.752220000000000000e+05
1.760220000000000000e+05
1.804140000000000000e+05
1.861040000000000000e+05
1.885520000000000000e+05
1.912540000000000000e+05
1.925100000000000000e+05
1.943670000000000000e+05
1.957220000000000000e+05
1.959680000000000000e+05
1.984680000000000000e+05
2.037820000000000000e+05
2.038790000000000000e+05
2.043240000000000000e+05
2.097900000000000000e+05
2.109300000000000000e+05
2.111680000000000000e+05
2.124320000000000000e+05
2.147520000000000000e+05
2.183120000000000000e+05
2.183640000000000000e+05
2.207480000000000000e+05
2.240400000000000000e+05
2.248460000000000000e+05
2.249820000000000000e+05
2.250720000000000000e+05
2.264980000000000000e+05
2.268740000000000000e+05
2.278260000000000000e+05
2.282080000000000000e+05
2.307800000000000000e+05
2.323440000000000000e+05
2.377240000000000000e+05
2.399420000000000000e+05
2.402090000000000000e+05
2.440560000000000000e+05
2.463760000000000000e+05
2.481160000000000000e+05
2.489980000000000000e+05
2.501680000000000000e+05
2.502900000000000000e+05
2.516500000000000000e+05
2.548760000000000000e+05
2.570220000000000000e+05
2.573220000000000000e+05
2.628820000000000000e+05
2.653430000000000000e+05
2.655900000000000000e+05
2.671780000000000000e+05
2.678440000000000000e+05
2.682940000000000000e+05
2.698170000000000000e+05
2.723270000000000000e+05
2.729040000000000000e+05
2.742180000000000000e+05
5.470000000000000000e+03
9.470000000000000000e+03
2.373600000000000000e+04
2.904000000000000000e+04
3.178600000000000000e+04
4.086200000000000000e+04
6.044600000000000000e+04
7.630600000000000000e+04
8.756900000000000000e+04
9.201600000000000000e+04
1.073480000000000000e+05
1.159660000000000000e+05
1.351950000000000000e+05
1.392140000000000000e+05
1.521700000000000000e+05
1.829940000000000000e+05
1.885240000000000000e+05
1.902340000000000000e+05
1.958670000000000000e+05
2.127370000000000000e+05
2.137950000000000000e+05
2.150160000000000000e+05
2.418650000000000000e+05
2.462780000000000000e+05
2.745140000000000000e+05
2.765760000000000000e+05
2.782970000000000000e+05
