6.486000000000000000e+03
6.566000000000000000e+03
6.750000000000000000e+03
6.792000000000000000e+03
6.830000000000000000e+03
7.828000000000000000e+03
9.149000000000000000e+03
1.090200000000000000e+04
1.116200000000000000e+04
1.201000000000000000e+04
1.269000000000000000e+04
1.345800000000000000e+04
1.631200000000000000e+04
1.778000000000000000e+04
1.937800000000000000e+04
1.946400000000000000e+04
2.504300000000000000e+04
2.600700000000000000e+04
2.621200000000000000e+04
2.907600000000000000e+04
3.018800000000000000e+04
3.028500000000000000e+04
3.178400000000000000e+04
3.202600000000000000e+04
3.296600000000000000e+04
3.480600000000000000e+04
3.489200000000000000e+04
3.907100000000000000e+04
3.911600000000000000e+04
4.016200000000000000e+04
4.029200000000000000e+04
4.038400000000000000e+04
4.140000000000000000e+04
4.291300000000000000e+04
4.301200000000000000e+04
4.316100000000000000e+04
4.423000000000000000e+04
4.452800000000000000e+04
4.463600000000000000e+04
4.587200000000000000e+04
4.605600000000000000e+04
4.610100000000000000e+04
4.854800000000000000e+04
4.893800000000000000e+04
5.177400000000000000e+04
5.399000000000000000e+04
5.549200000000000000e+04
5.565400000000000000e+04
5.587800000000000000e+04
5.676000000000000000e+04
5.719400000000000000e+04
5.813400000000000000e+04
5.824500000000000000e+04
5.856400000000000000e+04
5.977600000000000000e+04
6.113400000000000000e+04
6.542200000000000000e+04
6.546800000000000000e+04
6.791800000000000000e+04
6.838400000000000000e+04
6.964800000000000000e+04
6.982000000000000000e+04
7.079000000000000000e+04
7.114800000000000000e+04
7.134600000000000000e+04
7.228200000000000000e+04
7.272500000000000000e+04
7.380800000000000000e+04
7.419100000000000000e+04
7.557000000000000000e+04
7.826600000000000000e+04
7.920800000000000000e+04
7.947600000000000000e+04
7.960800000000000000e+04
8.206800000000000000e+04
8.379000000000000000e+04
8.639400000000000000e+04
8.642900000000000000e+04
8.650400000000000000e+04
8.774000000000000000e+04
8.894200000000000000e+04
8.910500000000000000e+04
9.073400000000000000e+04
9.084000000000000000e+04
9.184600000000000000e+04
9.208200000000000000e+04
9.228600000000000000e+04
9.232800000000000000e+04
9.379100000000000000e+04
9.481300000000000000e+04
9.486000000000000000e+04
9.529800000000000000e+04
9.776400000000000000e+04
1.002720000000000000e+05
1.017300000000000000e+05
1.020160000000000000e+05
1.032380000000000000e+05
1.033940000000000000e+05
1.063560000000000000e+05
1.073030000000000000e+05
1.089040000000000000e+05
1.090620000000000000e+05
1.114120000000000000e+05
1.115480000000000000e+05
1.119200000000000000e+05
1.127620000000000000e+05
1.159660000000000000e+05
1.174420000000000000e+05
1.185880000000000000e+05
1.201140000000000000e+05
1.202070000000000000e+05
1.212820000000000000e+05
1.214180000000000000e+05
1.214770000000000000e+05
1.230660000000000000e+05
1.231560000000000000e+05
1.239520000000000000e+05
1.240440000000000000e+05
1.242480000000000000e+05
1.255120000000000000e+05
1.268180000000000000e+05
1.282620000000000000e+05
1.314820000000000000e+05
1.328240000000000000e+05
1.338020000000000000e+05
1.339990000000000000e+05
1.341030000000000000e+05
1.369470000000000000e+05
1.380820000000000000e+05
1.395180000000000000e+05
1.398680000000000000e+05
1.409800000000000000e+05
1.412480000000000000e+05
1.413120000000000000e+05
1.415300000000000000e+05
1.421780000000000000e+05
1.425800000000000000e+05
1.427840000000000000e+05
1.466720000000000000e+05
1.467260000000000000e+05
1.478680000000000000e+05
1.482160000000000000e+05
1.483660000000000000e+05
1.521050000000000000e+05
1.522160000000000000e+05
1.565960000000000000e+05
1.590210000000000000e+05
1.618400000000000000e+05
1.622440000000000000e+05
1.633180000000000000e+05
1.633940000000000000e+05
1.648880000000000000e+05
1.650200000000000000e+05
1.664770000000000000e+05
1.665080000000000000e+05
1.674060000000000000e+05
1.688900000000000000e+05
1.717330000000000000e+05
1.719480000000000000e+05
1.733920000000000000e+05
1.743910000000000000e+05
1.745580000000000000e+05
1.758640000000000000e+05
1.760170000000000000e+05
1.773110000000000000e+05
1.776330000000000000e+05
1.818140000000000000e+05
1.829930000000000000e+05
1.857740000000000000e+05
1.859220000000000000e+05
1.861010000000000000e+05
1.874490000000000000e+05
1.877720000000000000e+05
1.885520000000000000e+05
1.912540000000000000e+05
1.938440000000000000e+05
1.939100000000000000e+05
1.943680000000000000e+05
1.944670000000000000e+05
1.958340000000000000e+05
1.958870000000000000e+05
1.959680000000000000e+05
1.984680000000000000e+05
1.985160000000000000e+05
2.012420000000000000e+05
2.037820000000000000e+05
2.038840000000000000e+05
2.057220000000000000e+05
2.097880000000000000e+05
2.098660000000000000e+05
2.109300000000000000e+05
2.111660000000000000e+05
2.124320000000000000e+05
2.127370000000000000e+05
2.137950000000000000e+05
2.140480000000000000e+05
2.141790000000000000e+05
2.150160000000000000e+05
2.183120000000000000e+05
2.183580000000000000e+05
2.191860000000000000e+05
2.194870000000000000e+05
2.235430000000000000e+05
2.240400000000000000e+05
2.248430000000000000e+05
2.264390000000000000e+05
2.264720000000000000e+05
2.275700000000000000e+05
2.276620000000000000e+05
2.277820000000000000e+05
2.279020000000000000e+05
2.282100000000000000e+05
2.292160000000000000e+05
2.307780000000000000e+05
2.309760000000000000e+05
2.321430000000000000e+05
2.337420000000000000e+05
2.377240000000000000e+05
2.402090000000000000e+05
2.406400000000000000e+05
2.429820000000000000e+05
2.432650000000000000e+05
2.440060000000000000e+05
2.459860000000000000e+05
2.461530000000000000e+05
2.463760000000000000e+05
2.488140000000000000e+05
2.501680000000000000e+05
2.502900000000000000e+05
2.503920000000000000e+05
2.504180000000000000e+05
2.516450000000000000e+05
2.555740000000000000e+05
2.570220000000000000e+05
2.573190000000000000e+05
2.628340000000000000e+05
2.628820000000000000e+05
2.643020000000000000e+05
2.650920000000000000e+05
2.653410000000000000e+05
2.655900000000000000e+05
2.671730000000000000e+05
2.682940000000000000e+05
2.698180000000000000e+05
2.699390000000000000e+05
2.723250000000000000e+05
2.736060000000000000e+05
2.742180000000000000e+05
5.470000000000000000e+03
9.470000000000000000e+03
2.373600000000000000e+04
2.904000000000000000e+04
7.630600000000000000e+04
8.756900000000000000e+04
1.521700000000000000e+05
1.885240000000000000e+05
2.462780000000000000e+05
2.745140000000000000e+05
2.765760000000000000e+05
2.782970000000000000e+05
