6.486000000000000000e+03
6.566000000000000000e+03
7.824000000000000000e+03
8.146000000000000000e+03
9.154000000000000000e+03
1.090200000000000000e+04
1.103000000000000000e+04
1.116200000000000000e+04
1.269000000000000000e+04
1.345800000000000000e+04
1.631200000000000000e+04
1.778000000000000000e+04
1.937800000000000000e+04
2.295400000000000000e+04
2.600700000000000000e+04
2.748800000000000000e+04
2.968800000000000000e+04
3.018800000000000000e+04
3.202800000000000000e+04
3.296600000000000000e+04
3.392500000000000000e+04
3.489200000000000000e+04
3.621000000000000000e+04
3.911600000000000000e+04
4.086200000000000000e+04
4.106800000000000000e+04
4.140000000000000000e+04
4.169000000000000000e+04
4.291100000000000000e+04
4.301200000000000000e+04
4.423000000000000000e+04
4.452800000000000000e+04
4.463600000000000000e+04
4.587200000000000000e+04
4.605800000000000000e+04
4.750200000000000000e+04
5.033200000000000000e+04
5.177400000000000000e+04
5.399000000000000000e+04
5.549200000000000000e+04
5.587800000000000000e+04
5.719400000000000000e+04
5.813400000000000000e+04
5.816000000000000000e+04
5.824500000000000000e+04
5.856400000000000000e+04
6.114000000000000000e+04
6.117800000000000000e+04
6.652000000000000000e+04
6.821800000000000000e+04
6.838400000000000000e+04
6.939000000000000000e+04
6.964600000000000000e+04
6.982000000000000000e+04
7.115600000000000000e+04
7.272500000000000000e+04
7.298200000000000000e+04
7.533800000000000000e+04
7.627600000000000000e+04
7.826600000000000000e+04
7.851000000000000000e+04
7.947600000000000000e+04
8.206600000000000000e+04
8.379000000000000000e+04
8.639400000000000000e+04
8.650200000000000000e+04
8.684600000000000000e+04
8.774000000000000000e+04
8.910800000000000000e+04
9.073200000000000000e+04
9.084000000000000000e+04
9.184400000000000000e+04
9.228600000000000000e+04
9.232800000000000000e+04
9.379100000000000000e+04
9.481300000000000000e+04
9.486000000000000000e+04
9.599300000000000000e+04
9.776400000000000000e+04
1.002700000000000000e+05
1.017260000000000000e+05
1.020160000000000000e+05
1.032380000000000000e+05
1.033960000000000000e+05
1.063560000000000000e+05
1.073030000000000000e+05
1.087430000000000000e+05
1.090620000000000000e+05
1.103080000000000000e+05
1.119210000000000000e+05
1.134620000000000000e+05
1.159660000000000000e+05
1.160420000000000000e+05
1.171880000000000000e+05
1.184220000000000000e+05
1.198820000000000000e+05
1.202100000000000000e+05
1.214170000000000000e+05
1.214780000000000000e+05
1.227260000000000000e+05
1.231560000000000000e+05
1.239520000000000000e+05
1.240440000000000000e+05
1.242480000000000000e+05
1.269050000000000000e+05
1.296120000000000000e+05
1.296620000000000000e+05
1.314820000000000000e+05
1.323930000000000000e+05
1.326060000000000000e+05
1.328240000000000000e+05
1.341030000000000000e+05
1.369470000000000000e+05
1.380820000000000000e+05
1.398680000000000000e+05
1.412480000000000000e+05
1.413120000000000000e+05
1.415300000000000000e+05
1.421760000000000000e+05
1.437780000000000000e+05
1.439770000000000000e+05
1.441820000000000000e+05
1.467250000000000000e+05
1.478680000000000000e+05
1.483640000000000000e+05
1.494780000000000000e+05
1.521070000000000000e+05
1.522160000000000000e+05
1.551980000000000000e+05
1.597250000000000000e+05
1.615440000000000000e+05
1.633180000000000000e+05
1.633940000000000000e+05
1.648880000000000000e+05
1.650200000000000000e+05
1.664770000000000000e+05
1.665080000000000000e+05
1.688900000000000000e+05
1.717380000000000000e+05
1.719500000000000000e+05
1.722960000000000000e+05
1.733920000000000000e+05
1.738580000000000000e+05
1.760170000000000000e+05
1.762340000000000000e+05
1.773200000000000000e+05
1.818140000000000000e+05
1.829930000000000000e+05
1.856720000000000000e+05
1.859200000000000000e+05
1.861040000000000000e+05
1.885520000000000000e+05
1.902340000000000000e+05
1.912540000000000000e+05
1.939100000000000000e+05
1.943720000000000000e+05
1.958720000000000000e+05
1.959680000000000000e+05
1.977700000000000000e+05
1.999170000000000000e+05
2.024840000000000000e+05
2.037820000000000000e+05
2.043260000000000000e+05
2.097880000000000000e+05
2.109300000000000000e+05
2.111660000000000000e+05
2.137950000000000000e+05
2.138320000000000000e+05
2.140480000000000000e+05
2.150160000000000000e+05
2.183120000000000000e+05
2.183640000000000000e+05
2.235430000000000000e+05
2.240400000000000000e+05
2.248430000000000000e+05
2.264720000000000000e+05
2.268740000000000000e+05
2.275080000000000000e+05
2.277820000000000000e+05
2.279000000000000000e+05
2.292220000000000000e+05
2.309760000000000000e+05
2.316480000000000000e+05
2.321840000000000000e+05
2.377240000000000000e+05
2.402090000000000000e+05
2.418650000000000000e+05
2.420400000000000000e+05
2.440580000000000000e+05
2.463730000000000000e+05
2.488180000000000000e+05
2.489980000000000000e+05
2.501650000000000000e+05
2.502900000000000000e+05
2.516500000000000000e+05
2.548740000000000000e+05
2.570220000000000000e+05
2.573190000000000000e+05
2.628340000000000000e+05
2.628820000000000000e+05
2.643020000000000000e+05
2.653430000000000000e+05
2.655900000000000000e+05
2.657780000000000000e+05
2.682940000000000000e+05
2.698170000000000000e+05
2.699390000000000000e+05
2.723270000000000000e+05
2.736060000000000000e+05
2.742180000000000000e+05
5.470000000000000000e+03
9.470000000000000000e+03
2.373600000000000000e+04
2.904000000000000000e+04
7.630600000000000000e+04
8.756900000000000000e+04
1.521700000000000000e+05
1.885240000000000000e+05
2.127370000000000000e+05
2.462780000000000000e+05
2.745140000000000000e+05
2.765760000000000000e+05
2.782970000000000000e+05
