6.484000000000000000e+03
6.566000000000000000e+03
6.830000000000000000e+03
6.960000000000000000e+03
7.828000000000000000e+03
8.150000000000000000e+03
9.152000000000000000e+03
1.090200000000000000e+04
1.345800000000000000e+04
1.631200000000000000e+04
1.937500000000000000e+04
2.671200000000000000e+04
3.028700000000000000e+04
3.086600000000000000e+04
3.489000000000000000e+04
3.621000000000000000e+04
3.911600000000000000e+04
4.102800000000000000e+04
4.221800000000000000e+04
4.323600000000000000e+04
4.422500000000000000e+04
4.465800000000000000e+04
4.587200000000000000e+04
4.753200000000000000e+04
5.177400000000000000e+04
5.466200000000000000e+04
5.549200000000000000e+04
5.588400000000000000e+04
5.685400000000000000e+04
5.977600000000000000e+04
6.442600000000000000e+04
6.698200000000000000e+04
6.821600000000000000e+04
6.852800000000000000e+04
6.964600000000000000e+04
7.079000000000000000e+04
7.255400000000000000e+04
7.697400000000000000e+04
7.921200000000000000e+04
7.959000000000000000e+04
8.037000000000000000e+04
8.639400000000000000e+04
8.650200000000000000e+04
8.804000000000000000e+04
8.841000000000000000e+04
9.073200000000000000e+04
9.228800000000000000e+04
9.232800000000000000e+04
9.486000000000000000e+04
9.529600000000000000e+04
9.776400000000000000e+04
1.017250000000000000e+05
1.032380000000000000e+05
1.040900000000000000e+05
1.041160000000000000e+05
1.049620000000000000e+05
1.073030000000000000e+05
1.082060000000000000e+05
1.171880000000000000e+05
1.174420000000000000e+05
1.193760000000000000e+05
1.198820000000000000e+05
1.216100000000000000e+05
1.228460000000000000e+05
1.231560000000000000e+05
1.240440000000000000e+05
1.248100000000000000e+05
1.268640000000000000e+05
1.326060000000000000e+05
1.328240000000000000e+05
1.328840000000000000e+05
1.341040000000000000e+05
1.355480000000000000e+05
1.412480000000000000e+05
1.415320000000000000e+05
1.421740000000000000e+05
1.425800000000000000e+05
1.450760000000000000e+05
1.467280000000000000e+05
1.483620000000000000e+05
1.501780000000000000e+05
1.521100000000000000e+05
1.564140000000000000e+05
1.593960000000000000e+05
1.604260000000000000e+05
1.619960000000000000e+05
1.634900000000000000e+05
1.650200000000000000e+05
1.664770000000000000e+05
1.665080000000000000e+05
1.688900000000000000e+05
1.703400000000000000e+05
1.726500000000000000e+05
1.733920000000000000e+05
1.767220000000000000e+05
1.780180000000000000e+05
1.832130000000000000e+05
1.859240000000000000e+05
1.861040000000000000e+05
1.871500000000000000e+05
1.912600000000000000e+05
1.925120000000000000e+05
1.952700000000000000e+05
1.977720000000000000e+05
2.006200000000000000e+05
2.031840000000000000e+05
2.037820000000000000e+05
2.043250000000000000e+05
2.097900000000000000e+05
2.109300000000000000e+05
2.111660000000000000e+05
2.124320000000000000e+05
2.147520000000000000e+05
2.183120000000000000e+05
2.183640000000000000e+05
2.207480000000000000e+05
2.240400000000000000e+05
2.248480000000000000e+05
2.249800000000000000e+05
2.264720000000000000e+05
2.268740000000000000e+05
2.272040000000000000e+05
2.282080000000000000e+05
2.292240000000000000e+05
2.307780000000000000e+05
2.316440000000000000e+05
2.388140000000000000e+05
2.391260000000000000e+05
2.399440000000000000e+05
2.440560000000000000e+05
2.470730000000000000e+05
2.475980000000000000e+05
2.481160000000000000e+05
2.501680000000000000e+05
2.502900000000000000e+05
2.509500000000000000e+05
2.548740000000000000e+05
2.570200000000000000e+05
2.587210000000000000e+05
2.628820000000000000e+05
2.662900000000000000e+05
2.678440000000000000e+05
2.682940000000000000e+05
2.729040000000000000e+05
2.742180000000000000e+05
5.470000000000000000e+03
9.470000000000000000e+03
1.269000000000000000e+04
2.084800000000000000e+04
2.373600000000000000e+04
2.904000000000000000e+04
3.178600000000000000e+04
4.086200000000000000e+04
4.107000000000000000e+04
4.301200000000000000e+04
5.049200000000000000e+04
6.044600000000000000e+04
6.912400000000000000e+04
7.630600000000000000e+04
7.997200000000000000e+04
8.756900000000000000e+04
8.824200000000000000e+04
9.044400000000000000e+04
9.124400000000000000e+04
9.201600000000000000e+04
9.239200000000000000e+04
1.023700000000000000e+05
1.073480000000000000e+05
1.126280000000000000e+05
1.159660000000000000e+05
1.225520000000000000e+05
1.268140000000000000e+05
1.351950000000000000e+05
1.392140000000000000e+05
1.521700000000000000e+05
1.594370000000000000e+05
1.722960000000000000e+05
1.829940000000000000e+05
1.885240000000000000e+05
1.902340000000000000e+05
1.943670000000000000e+05
1.958670000000000000e+05
2.127370000000000000e+05
2.137950000000000000e+05
2.150160000000000000e+05
2.418650000000000000e+05
2.462780000000000000e+05
2.653430000000000000e+05
2.685730000000000000e+05
2.712170000000000000e+05
2.737290000000000000e+05
2.745140000000000000e+05
2.765760000000000000e+05
2.782970000000000000e+05
