6.481000000000000000e+03
6.750000000000000000e+03
7.828000000000000000e+03
7.960000000000000000e+03
8.188000000000000000e+03
8.228000000000000000e+03
8.360000000000000000e+03
9.154000000000000000e+03
1.090200000000000000e+04
1.201000000000000000e+04
1.339000000000000000e+04
1.345600000000000000e+04
1.631400000000000000e+04
1.778000000000000000e+04
1.937800000000000000e+04
1.946400000000000000e+04
2.373600000000000000e+04
2.504700000000000000e+04
2.615500000000000000e+04
2.621200000000000000e+04
2.651100000000000000e+04
2.741200000000000000e+04
2.879200000000000000e+04
2.899000000000000000e+04
2.907800000000000000e+04
3.028500000000000000e+04
3.030500000000000000e+04
3.033200000000000000e+04
3.202500000000000000e+04
3.296100000000000000e+04
3.480600000000000000e+04
3.488600000000000000e+04
3.614200000000000000e+04
3.911600000000000000e+04
4.000100000000000000e+04
4.021800000000000000e+04
4.029000000000000000e+04
4.038400000000000000e+04
4.156000000000000000e+04
4.282300000000000000e+04
4.291800000000000000e+04
4.316100000000000000e+04
4.334900000000000000e+04
4.417000000000000000e+04
4.425000000000000000e+04
4.452800000000000000e+04
4.463200000000000000e+04
4.605900000000000000e+04
4.727000000000000000e+04
4.750200000000000000e+04
5.033300000000000000e+04
5.119000000000000000e+04
5.339400000000000000e+04
5.457400000000000000e+04
5.579600000000000000e+04
5.587800000000000000e+04
5.676000000000000000e+04
5.705200000000000000e+04
5.824500000000000000e+04
5.856200000000000000e+04
5.977600000000000000e+04
6.240700000000000000e+04
6.254200000000000000e+04
6.372800000000000000e+04
6.426400000000000000e+04
6.542000000000000000e+04
6.686800000000000000e+04
6.838200000000000000e+04
6.964600000000000000e+04
6.982200000000000000e+04
7.079000000000000000e+04
7.132400000000000000e+04
7.134400000000000000e+04
7.228200000000000000e+04
7.254800000000000000e+04
7.418900000000000000e+04
7.520800000000000000e+04
7.651400000000000000e+04
7.688800000000000000e+04
7.697000000000000000e+04
7.775600000000000000e+04
7.782800000000000000e+04
7.920800000000000000e+04
7.947500000000000000e+04
7.960100000000000000e+04
8.107000000000000000e+04
8.206400000000000000e+04
8.503000000000000000e+04
8.534400000000000000e+04
8.614000000000000000e+04
8.635800000000000000e+04
8.639200000000000000e+04
8.650400000000000000e+04
8.658000000000000000e+04
8.802000000000000000e+04
8.910500000000000000e+04
8.913600000000000000e+04
9.073200000000000000e+04
9.084000000000000000e+04
9.088800000000000000e+04
9.184600000000000000e+04
9.208200000000000000e+04
9.232800000000000000e+04
9.345800000000000000e+04
9.379100000000000000e+04
9.459800000000000000e+04
9.481600000000000000e+04
9.636400000000000000e+04
1.002720000000000000e+05
1.017280000000000000e+05
1.020160000000000000e+05
1.021740000000000000e+05
1.032380000000000000e+05
1.033940000000000000e+05
1.047220000000000000e+05
1.063560000000000000e+05
1.073030000000000000e+05
1.087460000000000000e+05
1.088840000000000000e+05
1.089040000000000000e+05
1.099400000000000000e+05
1.100140000000000000e+05
1.104590000000000000e+05
1.105380000000000000e+05
1.127620000000000000e+05
1.143230000000000000e+05
1.147200000000000000e+05
1.160420000000000000e+05
1.171880000000000000e+05
1.173620000000000000e+05
1.184000000000000000e+05
1.184780000000000000e+05
1.201140000000000000e+05
1.202100000000000000e+05
1.203500000000000000e+05
1.213620000000000000e+05
1.214160000000000000e+05
1.214780000000000000e+05
1.225470000000000000e+05
1.230680000000000000e+05
1.230960000000000000e+05
1.240440000000000000e+05
1.242480000000000000e+05
1.255120000000000000e+05
1.268180000000000000e+05
1.285840000000000000e+05
1.296620000000000000e+05
1.309830000000000000e+05
1.313250000000000000e+05
1.314820000000000000e+05
1.338020000000000000e+05
1.339990000000000000e+05
1.340220000000000000e+05
1.341030000000000000e+05
1.342220000000000000e+05
1.367620000000000000e+05
1.369520000000000000e+05
1.380850000000000000e+05
1.381220000000000000e+05
1.383960000000000000e+05
1.385120000000000000e+05
1.412480000000000000e+05
1.412680000000000000e+05
1.415320000000000000e+05
1.423820000000000000e+05
1.435740000000000000e+05
1.439750000000000000e+05
1.441820000000000000e+05
1.466300000000000000e+05
1.466780000000000000e+05
1.467260000000000000e+05
1.478680000000000000e+05
1.482140000000000000e+05
1.483580000000000000e+05
1.506900000000000000e+05
1.508960000000000000e+05
1.510860000000000000e+05
1.521100000000000000e+05
1.536140000000000000e+05
1.551960000000000000e+05
1.553170000000000000e+05
1.590210000000000000e+05
1.618400000000000000e+05
1.619220000000000000e+05
1.622460000000000000e+05
1.633930000000000000e+05
1.650170000000000000e+05
1.660060000000000000e+05
1.662860000000000000e+05
1.664770000000000000e+05
1.665030000000000000e+05
1.677680000000000000e+05
1.688900000000000000e+05
1.717380000000000000e+05
1.733500000000000000e+05
1.733880000000000000e+05
1.743910000000000000e+05
1.758620000000000000e+05
1.759200000000000000e+05
1.774240000000000000e+05
1.776340000000000000e+05
1.818140000000000000e+05
1.819190000000000000e+05
1.829910000000000000e+05
1.856740000000000000e+05
1.857620000000000000e+05
1.859230000000000000e+05
1.860510000000000000e+05
1.861010000000000000e+05
1.861810000000000000e+05
1.912560000000000000e+05
1.927450000000000000e+05
1.930340000000000000e+05
1.939120000000000000e+05
1.943720000000000000e+05
1.944870000000000000e+05
1.945660000000000000e+05
1.952460000000000000e+05
1.958670000000000000e+05
1.970880000000000000e+05
1.984680000000000000e+05
1.985160000000000000e+05
1.986000000000000000e+05
2.017980000000000000e+05
2.024770000000000000e+05
2.037820000000000000e+05
2.057240000000000000e+05
2.066030000000000000e+05
2.097680000000000000e+05
2.097880000000000000e+05
2.098660000000000000e+05
2.109270000000000000e+05
2.110500000000000000e+05
2.113460000000000000e+05
2.122540000000000000e+05
2.124300000000000000e+05
2.136180000000000000e+05
2.137940000000000000e+05
2.140480000000000000e+05
2.141800000000000000e+05
2.165580000000000000e+05
2.183120000000000000e+05
2.183620000000000000e+05
2.191840000000000000e+05
2.235430000000000000e+05
2.247400000000000000e+05
2.248430000000000000e+05
2.264380000000000000e+05
2.264720000000000000e+05
2.265120000000000000e+05
2.275700000000000000e+05
2.276160000000000000e+05
2.276620000000000000e+05
2.277820000000000000e+05
2.279940000000000000e+05
2.289080000000000000e+05
2.292170000000000000e+05
2.292930000000000000e+05
2.309760000000000000e+05
2.335730000000000000e+05
2.337450000000000000e+05
2.350570000000000000e+05
2.363280000000000000e+05
2.393900000000000000e+05
2.395260000000000000e+05
2.402060000000000000e+05
2.406400000000000000e+05
2.432320000000000000e+05
2.432700000000000000e+05
2.440060000000000000e+05
2.443820000000000000e+05
2.447500000000000000e+05
2.449700000000000000e+05
2.488140000000000000e+05
2.489980000000000000e+05
2.500360000000000000e+05
2.501700000000000000e+05
2.502900000000000000e+05
2.516500000000000000e+05
2.518180000000000000e+05
2.541690000000000000e+05
2.556170000000000000e+05
2.559240000000000000e+05
2.628340000000000000e+05
2.628820000000000000e+05
2.629560000000000000e+05
2.643020000000000000e+05
2.653410000000000000e+05
2.655900000000000000e+05
2.657750000000000000e+05
2.672320000000000000e+05
2.673200000000000000e+05
2.682910000000000000e+05
2.698180000000000000e+05
2.699390000000000000e+05
2.715020000000000000e+05
2.723250000000000000e+05
2.742160000000000000e+05
5.470000000000000000e+03
9.470000000000000000e+03
2.904000000000000000e+04
7.630600000000000000e+04
8.756900000000000000e+04
1.521700000000000000e+05
1.885240000000000000e+05
2.462780000000000000e+05
2.745140000000000000e+05
2.765760000000000000e+05
2.782970000000000000e+05
