6.482000000000000000e+03
6.566000000000000000e+03
7.828000000000000000e+03
8.150000000000000000e+03
8.936000000000000000e+03
9.154000000000000000e+03
1.046600000000000000e+04
1.090200000000000000e+04
1.345800000000000000e+04
1.631200000000000000e+04
1.937800000000000000e+04
2.671200000000000000e+04
2.959000000000000000e+04
3.296600000000000000e+04
3.489000000000000000e+04
3.621000000000000000e+04
3.911800000000000000e+04
3.976600000000000000e+04
4.102800000000000000e+04
4.151600000000000000e+04
4.301200000000000000e+04
4.324000000000000000e+04
4.422500000000000000e+04
4.587400000000000000e+04
4.680300000000000000e+04
4.824200000000000000e+04
5.049200000000000000e+04
5.466200000000000000e+04
5.549200000000000000e+04
5.588400000000000000e+04
5.667200000000000000e+04
5.824800000000000000e+04
5.977600000000000000e+04
6.442600000000000000e+04
6.698200000000000000e+04
6.821600000000000000e+04
6.912400000000000000e+04
6.964600000000000000e+04
7.079000000000000000e+04
7.255400000000000000e+04
7.272500000000000000e+04
7.697400000000000000e+04
7.921200000000000000e+04
8.037000000000000000e+04
8.379000000000000000e+04
8.639200000000000000e+04
8.650200000000000000e+04
8.804000000000000000e+04
8.841000000000000000e+04
9.003400000000000000e+04
9.067500000000000000e+04
9.088800000000000000e+04
9.232800000000000000e+04
9.529600000000000000e+04
9.625800000000000000e+04
9.636400000000000000e+04
1.017300000000000000e+05
1.020160000000000000e+05
1.032380000000000000e+05
1.047940000000000000e+05
1.049620000000000000e+05
1.073030000000000000e+05
1.097630000000000000e+05
1.103080000000000000e+05
1.171880000000000000e+05
1.174420000000000000e+05
1.198820000000000000e+05
1.214780000000000000e+05
1.216100000000000000e+05
1.231560000000000000e+05
1.240440000000000000e+05
1.242480000000000000e+05
1.262100000000000000e+05
1.268640000000000000e+05
1.326060000000000000e+05
1.328240000000000000e+05
1.328840000000000000e+05
1.341040000000000000e+05
1.369470000000000000e+05
1.412480000000000000e+05
1.415320000000000000e+05
1.421740000000000000e+05
1.425800000000000000e+05
1.450760000000000000e+05
1.467280000000000000e+05
1.480760000000000000e+05
1.483640000000000000e+05
1.521100000000000000e+05
1.571140000000000000e+05
1.590260000000000000e+05
1.593960000000000000e+05
1.619960000000000000e+05
1.634900000000000000e+05
1.640200000000000000e+05
1.664220000000000000e+05
1.664770000000000000e+05
1.665080000000000000e+05
1.688900000000000000e+05
1.703380000000000000e+05
1.726500000000000000e+05
1.733920000000000000e+05
1.738590000000000000e+05
1.762340000000000000e+05
1.774190000000000000e+05
1.780180000000000000e+05
1.832130000000000000e+05
1.861040000000000000e+05
1.873360000000000000e+05
1.885500000000000000e+05
1.885700000000000000e+05
1.926580000000000000e+05
1.932160000000000000e+05
1.938460000000000000e+05
1.938680000000000000e+05
1.957220000000000000e+05
1.984680000000000000e+05
2.031840000000000000e+05
2.036240000000000000e+05
2.037820000000000000e+05
2.050780000000000000e+05
2.097900000000000000e+05
2.109300000000000000e+05
2.111680000000000000e+05
2.147520000000000000e+05
2.152320000000000000e+05
2.183120000000000000e+05
2.183640000000000000e+05
2.234500000000000000e+05
2.235440000000000000e+05
2.240400000000000000e+05
2.264720000000000000e+05
2.268740000000000000e+05
2.279000000000000000e+05
2.282100000000000000e+05
2.291800000000000000e+05
2.292240000000000000e+05
2.300820000000000000e+05
2.330480000000000000e+05
2.391260000000000000e+05
2.395140000000000000e+05
2.399440000000000000e+05
2.440560000000000000e+05
2.463760000000000000e+05
2.481160000000000000e+05
2.501700000000000000e+05
2.502900000000000000e+05
2.503920000000000000e+05
2.516500000000000000e+05
2.555740000000000000e+05
2.570200000000000000e+05
2.587190000000000000e+05
2.628820000000000000e+05
2.642320000000000000e+05
2.655900000000000000e+05
2.682940000000000000e+05
2.685730000000000000e+05
2.692440000000000000e+05
2.715020000000000000e+05
2.742180000000000000e+05
5.470000000000000000e+03
9.470000000000000000e+03
1.269000000000000000e+04
2.084800000000000000e+04
2.373600000000000000e+04
2.904000000000000000e+04
3.178600000000000000e+04
4.086200000000000000e+04
4.107000000000000000e+04
6.044600000000000000e+04
7.630600000000000000e+04
7.997200000000000000e+04
8.756900000000000000e+04
8.824200000000000000e+04
9.044400000000000000e+04
9.124400000000000000e+04
9.201600000000000000e+04
9.239200000000000000e+04
1.023700000000000000e+05
1.073480000000000000e+05
1.126280000000000000e+05
1.159660000000000000e+05
1.225520000000000000e+05
1.268140000000000000e+05
1.351950000000000000e+05
1.392140000000000000e+05
1.521700000000000000e+05
1.594370000000000000e+05
1.722960000000000000e+05
1.829940000000000000e+05
1.885240000000000000e+05
1.902340000000000000e+05
1.943670000000000000e+05
1.958670000000000000e+05
2.127370000000000000e+05
2.137950000000000000e+05
2.150160000000000000e+05
2.418650000000000000e+05
2.462780000000000000e+05
2.653430000000000000e+05
2.712170000000000000e+05
2.737290000000000000e+05
2.745140000000000000e+05
2.765760000000000000e+05
2.782970000000000000e+05
