6.482000000000000000e+03
6.566000000000000000e+03
6.962000000000000000e+03
7.825000000000000000e+03
8.106000000000000000e+03
8.150000000000000000e+03
8.936000000000000000e+03
9.152000000000000000e+03
1.065600000000000000e+04
1.269000000000000000e+04
1.631200000000000000e+04
1.937800000000000000e+04
2.084800000000000000e+04
2.600700000000000000e+04
3.028700000000000000e+04
3.086600000000000000e+04
3.488700000000000000e+04
3.621000000000000000e+04
3.911600000000000000e+04
4.107000000000000000e+04
4.151600000000000000e+04
4.172800000000000000e+04
4.186000000000000000e+04
4.301200000000000000e+04
4.422500000000000000e+04
4.463600000000000000e+04
4.587200000000000000e+04
5.033800000000000000e+04
5.119000000000000000e+04
5.177400000000000000e+04
5.466200000000000000e+04
5.479200000000000000e+04
5.588400000000000000e+04
5.824800000000000000e+04
5.977600000000000000e+04
6.442600000000000000e+04
6.542000000000000000e+04
6.698400000000000000e+04
6.964600000000000000e+04
6.982000000000000000e+04
7.079000000000000000e+04
7.115600000000000000e+04
7.272500000000000000e+04
7.697400000000000000e+04
7.921200000000000000e+04
7.959000000000000000e+04
7.997200000000000000e+04
8.037000000000000000e+04
8.474400000000000000e+04
8.639400000000000000e+04
8.650200000000000000e+04
8.910800000000000000e+04
9.073200000000000000e+04
9.084000000000000000e+04
9.124400000000000000e+04
9.228800000000000000e+04
9.232800000000000000e+04
9.324400000000000000e+04
9.486000000000000000e+04
9.529800000000000000e+04
9.636400000000000000e+04
9.887400000000000000e+04
1.017300000000000000e+05
1.020160000000000000e+05
1.032380000000000000e+05
1.033940000000000000e+05
1.049620000000000000e+05
1.073030000000000000e+05
1.089080000000000000e+05
1.126280000000000000e+05
1.171880000000000000e+05
1.174420000000000000e+05
1.181120000000000000e+05
1.184780000000000000e+05
1.214780000000000000e+05
1.225520000000000000e+05
1.231560000000000000e+05
1.240440000000000000e+05
1.242460000000000000e+05
1.248100000000000000e+05
1.268640000000000000e+05
1.321820000000000000e+05
1.326060000000000000e+05
1.328240000000000000e+05
1.341040000000000000e+05
1.355500000000000000e+05
1.398440000000000000e+05
1.415320000000000000e+05
1.421740000000000000e+05
1.425800000000000000e+05
1.450760000000000000e+05
1.467280000000000000e+05
1.480720000000000000e+05
1.483640000000000000e+05
1.521100000000000000e+05
1.558980000000000000e+05
1.564140000000000000e+05
1.611280000000000000e+05
1.615440000000000000e+05
1.619960000000000000e+05
1.643820000000000000e+05
1.648920000000000000e+05
1.650130000000000000e+05
1.665080000000000000e+05
1.688900000000000000e+05
1.696400000000000000e+05
1.733460000000000000e+05
1.733920000000000000e+05
1.767240000000000000e+05
1.773160000000000000e+05
1.832130000000000000e+05
1.859200000000000000e+05
1.861040000000000000e+05
1.885540000000000000e+05
1.912540000000000000e+05
1.932120000000000000e+05
1.943670000000000000e+05
1.959680000000000000e+05
1.984680000000000000e+05
2.006200000000000000e+05
2.031840000000000000e+05
2.037820000000000000e+05
2.043250000000000000e+05
2.097880000000000000e+05
2.109300000000000000e+05
2.111660000000000000e+05
2.124320000000000000e+05
2.147520000000000000e+05
2.183120000000000000e+05
2.183640000000000000e+05
2.221460000000000000e+05
2.240400000000000000e+05
2.248460000000000000e+05
2.249820000000000000e+05
2.264720000000000000e+05
2.268740000000000000e+05
2.279000000000000000e+05
2.282080000000000000e+05
2.292240000000000000e+05
2.307800000000000000e+05
2.323440000000000000e+05
2.391240000000000000e+05
2.399420000000000000e+05
2.402120000000000000e+05
2.440560000000000000e+05
2.442780000000000000e+05
2.489980000000000000e+05
2.501680000000000000e+05
2.502940000000000000e+05
2.516110000000000000e+05
2.516450000000000000e+05
2.548760000000000000e+05
2.570200000000000000e+05
2.573220000000000000e+05
2.628820000000000000e+05
2.642300000000000000e+05
2.653430000000000000e+05
2.655900000000000000e+05
2.671780000000000000e+05
2.682940000000000000e+05
2.692440000000000000e+05
2.712150000000000000e+05
2.729040000000000000e+05
2.737290000000000000e+05
2.742180000000000000e+05
5.470000000000000000e+03
9.470000000000000000e+03
2.373600000000000000e+04
2.904000000000000000e+04
3.178600000000000000e+04
4.086200000000000000e+04
6.044600000000000000e+04
7.630600000000000000e+04
8.756900000000000000e+04
9.201600000000000000e+04
9.239200000000000000e+04
1.073480000000000000e+05
1.159660000000000000e+05
1.268140000000000000e+05
1.351950000000000000e+05
1.392140000000000000e+05
1.521700000000000000e+05
1.722960000000000000e+05
1.829940000000000000e+05
1.885240000000000000e+05
1.902340000000000000e+05
1.958670000000000000e+05
2.127370000000000000e+05
2.137950000000000000e+05
2.150160000000000000e+05
2.418650000000000000e+05
2.462780000000000000e+05
2.745140000000000000e+05
2.765760000000000000e+05
2.782970000000000000e+05
