6.480000000000000000e+03
6.570000000000000000e+03
6.658000000000000000e+03
6.750000000000000000e+03
7.828000000000000000e+03
8.102000000000000000e+03
8.228000000000000000e+03
8.368000000000000000e+03
1.054500000000000000e+04
1.060900000000000000e+04
1.204900000000000000e+04
1.339000000000000000e+04
1.491100000000000000e+04
1.493200000000000000e+04
1.535300000000000000e+04
1.638300000000000000e+04
1.659700000000000000e+04
1.784000000000000000e+04
1.806800000000000000e+04
1.937600000000000000e+04
1.941600000000000000e+04
2.084600000000000000e+04
2.090000000000000000e+04
2.233200000000000000e+04
2.271600000000000000e+04
2.461000000000000000e+04
2.485500000000000000e+04
2.603000000000000000e+04
2.615600000000000000e+04
2.759500000000000000e+04
2.879000000000000000e+04
2.889000000000000000e+04
2.922900000000000000e+04
3.033200000000000000e+04
3.047400000000000000e+04
3.201000000000000000e+04
3.296400000000000000e+04
3.317500000000000000e+04
3.331300000000000000e+04
3.488700000000000000e+04
3.602000000000000000e+04
3.684400000000000000e+04
3.758800000000000000e+04
3.889600000000000000e+04
3.896800000000000000e+04
3.911600000000000000e+04
3.917000000000000000e+04
4.000200000000000000e+04
4.011000000000000000e+04
4.020100000000000000e+04
4.155600000000000000e+04
4.218700000000000000e+04
4.285200000000000000e+04
4.312800000000000000e+04
4.423000000000000000e+04
4.433200000000000000e+04
4.463200000000000000e+04
4.465700000000000000e+04
4.557000000000000000e+04
4.587200000000000000e+04
4.613600000000000000e+04
4.750200000000000000e+04
4.998800000000000000e+04
5.038600000000000000e+04
5.111300000000000000e+04
5.270400000000000000e+04
5.456600000000000000e+04
5.469200000000000000e+04
5.535300000000000000e+04
5.544600000000000000e+04
5.548400000000000000e+04
5.565400000000000000e+04
5.579600000000000000e+04
5.587800000000000000e+04
5.756500000000000000e+04
5.773300000000000000e+04
5.856500000000000000e+04
5.977600000000000000e+04
6.010800000000000000e+04
6.014000000000000000e+04
6.254200000000000000e+04
6.372800000000000000e+04
6.426400000000000000e+04
6.541800000000000000e+04
6.661800000000000000e+04
6.686800000000000000e+04
6.697900000000000000e+04
6.702200000000000000e+04
6.824400000000000000e+04
6.855400000000000000e+04
6.939000000000000000e+04
6.975600000000000000e+04
6.992800000000000000e+04
7.086000000000000000e+04
7.124000000000000000e+04
7.228400000000000000e+04
7.357200000000000000e+04
7.419100000000000000e+04
7.520500000000000000e+04
7.533400000000000000e+04
7.548800000000000000e+04
7.557000000000000000e+04
7.651000000000000000e+04
7.782800000000000000e+04
7.826600000000000000e+04
7.915500000000000000e+04
7.920800000000000000e+04
7.934600000000000000e+04
7.947300000000000000e+04
7.960100000000000000e+04
8.237700000000000000e+04
8.473700000000000000e+04
8.485800000000000000e+04
8.492400000000000000e+04
8.510400000000000000e+04
8.514600000000000000e+04
8.534500000000000000e+04
8.627900000000000000e+04
8.779000000000000000e+04
8.804000000000000000e+04
8.910300000000000000e+04
8.932600000000000000e+04
8.942000000000000000e+04
8.994700000000000000e+04
9.062000000000000000e+04
9.088600000000000000e+04
9.171800000000000000e+04
9.183700000000000000e+04
9.193900000000000000e+04
9.206800000000000000e+04
9.232800000000000000e+04
9.236200000000000000e+04
9.319300000000000000e+04
9.378800000000000000e+04
9.636400000000000000e+04
1.002740000000000000e+05
1.005940000000000000e+05
1.017260000000000000e+05
1.018380000000000000e+05
1.020140000000000000e+05
1.028750000000000000e+05
1.045970000000000000e+05
1.047220000000000000e+05
1.049560000000000000e+05
1.058300000000000000e+05
1.066760000000000000e+05
1.073030000000000000e+05
1.073440000000000000e+05
1.076510000000000000e+05
1.081840000000000000e+05
1.085420000000000000e+05
1.089040000000000000e+05
1.091230000000000000e+05
1.114120000000000000e+05
1.124510000000000000e+05
1.127620000000000000e+05
1.128560000000000000e+05
1.145700000000000000e+05
1.146860000000000000e+05
1.160360000000000000e+05
1.171880000000000000e+05
1.183950000000000000e+05
1.184730000000000000e+05
1.200200000000000000e+05
1.200760000000000000e+05
1.201140000000000000e+05
1.202060000000000000e+05
1.203500000000000000e+05
1.205270000000000000e+05
1.213660000000000000e+05
1.225450000000000000e+05
1.240460000000000000e+05
1.241020000000000000e+05
1.241240000000000000e+05
1.242480000000000000e+05
1.243580000000000000e+05
1.244650000000000000e+05
1.244980000000000000e+05
1.268090000000000000e+05
1.287210000000000000e+05
1.287680000000000000e+05
1.299260000000000000e+05
1.299800000000000000e+05
1.303640000000000000e+05
1.309870000000000000e+05
1.312060000000000000e+05
1.314820000000000000e+05
1.328220000000000000e+05
1.333260000000000000e+05
1.341030000000000000e+05
1.355480000000000000e+05
1.361670000000000000e+05
1.367620000000000000e+05
1.380820000000000000e+05
1.397920000000000000e+05
1.398680000000000000e+05
1.399090000000000000e+05
1.409800000000000000e+05
1.412480000000000000e+05
1.421700000000000000e+05
1.422250000000000000e+05
1.425730000000000000e+05
1.435380000000000000e+05
1.439260000000000000e+05
1.441820000000000000e+05
1.464450000000000000e+05
1.466780000000000000e+05
1.469580000000000000e+05
1.478680000000000000e+05
1.479280000000000000e+05
1.487020000000000000e+05
1.496140000000000000e+05
1.496910000000000000e+05
1.507080000000000000e+05
1.508980000000000000e+05
1.513880000000000000e+05
1.522200000000000000e+05
1.551940000000000000e+05
1.561240000000000000e+05
1.567140000000000000e+05
1.579500000000000000e+05
1.589900000000000000e+05
1.590190000000000000e+05
1.594370000000000000e+05
1.604440000000000000e+05
1.619200000000000000e+05
1.619940000000000000e+05
1.622580000000000000e+05
1.636150000000000000e+05
1.647480000000000000e+05
1.648860000000000000e+05
1.649100000000000000e+05
1.660940000000000000e+05
1.662300000000000000e+05
1.664760000000000000e+05
1.665010000000000000e+05
1.691620000000000000e+05
1.717330000000000000e+05
1.719430000000000000e+05
1.719900000000000000e+05
1.729940000000000000e+05
1.744660000000000000e+05
1.745600000000000000e+05
1.760170000000000000e+05
1.762360000000000000e+05
1.773090000000000000e+05
1.791220000000000000e+05
1.793470000000000000e+05
1.803040000000000000e+05
1.804140000000000000e+05
1.815900000000000000e+05
1.832790000000000000e+05
1.833040000000000000e+05
1.859220000000000000e+05
1.859420000000000000e+05
1.860540000000000000e+05
1.870720000000000000e+05
1.883300000000000000e+05
1.887860000000000000e+05
1.897820000000000000e+05
1.899500000000000000e+05
1.899700000000000000e+05
1.900820000000000000e+05
1.912540000000000000e+05
1.930340000000000000e+05
1.931740000000000000e+05
1.939120000000000000e+05
1.939640000000000000e+05
1.943690000000000000e+05
1.944880000000000000e+05
1.952460000000000000e+05
1.954120000000000000e+05
1.958670000000000000e+05
1.984680000000000000e+05
1.985160000000000000e+05
1.986000000000000000e+05
1.997020000000000000e+05
1.998020000000000000e+05
2.012420000000000000e+05
2.037820000000000000e+05
2.038840000000000000e+05
2.064550000000000000e+05
2.066010000000000000e+05
2.071220000000000000e+05
2.081300000000000000e+05
2.097880000000000000e+05
2.098660000000000000e+05
2.107450000000000000e+05
2.110540000000000000e+05
2.111610000000000000e+05
2.122180000000000000e+05
2.122520000000000000e+05
2.123960000000000000e+05
2.124300000000000000e+05
2.127390000000000000e+05
2.135690000000000000e+05
2.140480000000000000e+05
2.141800000000000000e+05
2.149160000000000000e+05
2.153070000000000000e+05
2.169080000000000000e+05
2.180870000000000000e+05
2.183620000000000000e+05
2.191860000000000000e+05
2.207480000000000000e+05
2.223220000000000000e+05
2.247400000000000000e+05
2.248410000000000000e+05
2.250720000000000000e+05
2.263820000000000000e+05
2.264180000000000000e+05
2.264380000000000000e+05
2.265980000000000000e+05
2.275690000000000000e+05
2.276140000000000000e+05
2.276610000000000000e+05
2.279020000000000000e+05
2.289120000000000000e+05
2.295780000000000000e+05
2.307780000000000000e+05
2.321420000000000000e+05
2.322600000000000000e+05
2.323420000000000000e+05
2.360280000000000000e+05
2.363240000000000000e+05
2.364420000000000000e+05
2.389650000000000000e+05
2.392940000000000000e+05
2.402090000000000000e+05
2.408640000000000000e+05
2.414850000000000000e+05
2.418650000000000000e+05
2.443820000000000000e+05
2.447540000000000000e+05
2.460300000000000000e+05
2.463650000000000000e+05
2.465380000000000000e+05
2.473790000000000000e+05
2.488940000000000000e+05
2.502080000000000000e+05
2.503870000000000000e+05
2.515590000000000000e+05
2.516500000000000000e+05
2.518170000000000000e+05
2.528220000000000000e+05
2.541690000000000000e+05
2.559240000000000000e+05
2.571030000000000000e+05
2.619060000000000000e+05
2.628800000000000000e+05
2.642360000000000000e+05
2.643000000000000000e+05
2.643700000000000000e+05
2.650940000000000000e+05
2.653410000000000000e+05
2.655900000000000000e+05
2.656570000000000000e+05
2.668900000000000000e+05
2.673200000000000000e+05
2.698180000000000000e+05
2.699390000000000000e+05
2.709230000000000000e+05
2.728220000000000000e+05
2.729000000000000000e+05
2.734140000000000000e+05
2.746770000000000000e+05
2.782970000000000000e+05
5.470000000000000000e+03
9.470000000000000000e+03
2.904000000000000000e+04
7.630600000000000000e+04
8.756900000000000000e+04
1.521700000000000000e+05
1.885240000000000000e+05
2.462780000000000000e+05
2.745140000000000000e+05
2.765760000000000000e+05
