9.503000000000000000e+03
9.762000000000000000e+03
1.491600000000000000e+04
1.798100000000000000e+04
2.085200000000000000e+04
2.233300000000000000e+04
2.922800000000000000e+04
3.209300000000000000e+04
3.318300000000000000e+04
3.341000000000000000e+04
3.741600000000000000e+04
4.176800000000000000e+04
4.282900000000000000e+04
4.613600000000000000e+04
5.177100000000000000e+04
5.258900000000000000e+04
6.117700000000000000e+04
6.842300000000000000e+04
6.975700000000000000e+04
6.992800000000000000e+04
7.697000000000000000e+04
7.921100000000000000e+04
7.966700000000000000e+04
8.098700000000000000e+04
8.474300000000000000e+04
8.499500000000000000e+04
8.704100000000000000e+04
8.770900000000000000e+04
8.793200000000000000e+04
9.066200000000000000e+04
9.088800000000000000e+04
9.092900000000000000e+04
9.341500000000000000e+04
9.636300000000000000e+04
1.019930000000000000e+05
1.059060000000000000e+05
1.075090000000000000e+05
1.160410000000000000e+05
1.173620000000000000e+05
1.174100000000000000e+05
1.200780000000000000e+05
1.226430000000000000e+05
1.313040000000000000e+05
1.355550000000000000e+05
1.398480000000000000e+05
1.399110000000000000e+05
1.411790000000000000e+05
1.453270000000000000e+05
1.455630000000000000e+05
1.464730000000000000e+05
1.466750000000000000e+05
1.536160000000000000e+05
1.590250000000000000e+05
1.633940000000000000e+05
1.636200000000000000e+05
1.636810000000000000e+05
1.648930000000000000e+05
1.691460000000000000e+05
1.703380000000000000e+05
1.705900000000000000e+05
1.790180000000000000e+05
1.843650000000000000e+05
1.913210000000000000e+05
1.929720000000000000e+05
1.945680000000000000e+05
2.010830000000000000e+05
2.037800000000000000e+05
2.097660000000000000e+05
2.237020000000000000e+05
2.264230000000000000e+05
2.307800000000000000e+05
2.363280000000000000e+05
2.449750000000000000e+05
2.487680000000000000e+05
2.488490000000000000e+05
2.559220000000000000e+05
2.715010000000000000e+05
5.032000000000000000e+03
5.084000000000000000e+03
5.164000000000000000e+03
5.350000000000000000e+03
5.432000000000000000e+03
5.468000000000000000e+03
8.066000000000000000e+03
9.155000000000000000e+03
1.198400000000000000e+04
1.205800000000000000e+04
2.461000000000000000e+04
2.749500000000000000e+04
3.156800000000000000e+04
3.184400000000000000e+04
4.011600000000000000e+04
4.015800000000000000e+04
4.312600000000000000e+04
4.331200000000000000e+04
4.463400000000000000e+04
4.465800000000000000e+04
4.587200000000000000e+04
5.535600000000000000e+04
5.545200000000000000e+04
5.548800000000000000e+04
5.588200000000000000e+04
6.114400000000000000e+04
6.512200000000000000e+04
6.659200000000000000e+04
6.681800000000000000e+04
6.684800000000000000e+04
6.699000000000000000e+04
7.630400000000000000e+04
8.207000000000000000e+04
8.477100000000000000e+04
8.510200000000000000e+04
8.804200000000000000e+04
9.099400000000000000e+04
9.184800000000000000e+04
9.319600000000000000e+04
9.887200000000000000e+04
1.017260000000000000e+05
1.020160000000000000e+05
1.032400000000000000e+05
1.035620000000000000e+05
1.101460000000000000e+05
1.105260000000000000e+05
1.157890000000000000e+05
1.198860000000000000e+05
1.203540000000000000e+05
1.225530000000000000e+05
1.241060000000000000e+05
1.242420000000000000e+05
1.254620000000000000e+05
1.282170000000000000e+05
1.295980000000000000e+05
1.298020000000000000e+05
1.314240000000000000e+05
1.314820000000000000e+05
1.407730000000000000e+05
1.408320000000000000e+05
1.493120000000000000e+05
1.535660000000000000e+05
1.579960000000000000e+05
1.608400000000000000e+05
1.665040000000000000e+05
1.688960000000000000e+05
1.715920000000000000e+05
1.746240000000000000e+05
1.759140000000000000e+05
1.815930000000000000e+05
1.833060000000000000e+05
1.859280000000000000e+05
1.884580000000000000e+05
1.911130000000000000e+05
1.930360000000000000e+05
1.930700000000000000e+05
1.941430000000000000e+05
1.970720000000000000e+05
1.971260000000000000e+05
2.083840000000000000e+05
2.099420000000000000e+05
2.109280000000000000e+05
2.112520000000000000e+05
2.122160000000000000e+05
2.124320000000000000e+05
2.137980000000000000e+05
2.169150000000000000e+05
2.169680000000000000e+05
2.219400000000000000e+05
2.220460000000000000e+05
2.221440000000000000e+05
2.236700000000000000e+05
2.261040000000000000e+05
2.263840000000000000e+05
2.275720000000000000e+05
2.323440000000000000e+05
2.392400000000000000e+05
2.402160000000000000e+05
2.418680000000000000e+05
2.433580000000000000e+05
2.462780000000000000e+05
2.475960000000000000e+05
2.502140000000000000e+05
2.516940000000000000e+05
2.541740000000000000e+05
2.542200000000000000e+05
2.625480000000000000e+05
2.627960000000000000e+05
2.628840000000000000e+05
2.629760000000000000e+05
2.654940000000000000e+05
2.671420000000000000e+05
2.684140000000000000e+05
2.695280000000000000e+05
2.728180000000000000e+05
2.751740000000000000e+05
2.752100000000000000e+05
2.755000000000000000e+05
