6.486000000000000000e+03
6.566000000000000000e+03
7.825000000000000000e+03
8.150000000000000000e+03
8.936000000000000000e+03
9.152000000000000000e+03
1.046600000000000000e+04
1.090200000000000000e+04
1.345800000000000000e+04
1.631200000000000000e+04
1.937500000000000000e+04
2.531000000000000000e+04
3.028700000000000000e+04
3.086600000000000000e+04
3.489000000000000000e+04
3.621000000000000000e+04
3.911800000000000000e+04
3.976600000000000000e+04
4.102800000000000000e+04
4.291300000000000000e+04
4.301200000000000000e+04
4.422500000000000000e+04
4.463600000000000000e+04
4.587400000000000000e+04
4.680300000000000000e+04
4.963800000000000000e+04
5.049000000000000000e+04
5.177400000000000000e+04
5.466200000000000000e+04
5.549200000000000000e+04
5.588400000000000000e+04
5.824800000000000000e+04
6.257600000000000000e+04
6.442400000000000000e+04
6.698200000000000000e+04
6.821600000000000000e+04
6.964600000000000000e+04
6.982000000000000000e+04
7.079000000000000000e+04
7.115600000000000000e+04
7.272500000000000000e+04
7.697200000000000000e+04
7.921200000000000000e+04
8.037000000000000000e+04
8.379000000000000000e+04
8.639400000000000000e+04
8.650200000000000000e+04
8.804000000000000000e+04
8.824200000000000000e+04
8.863400000000000000e+04
8.910800000000000000e+04
9.044400000000000000e+04
9.089000000000000000e+04
9.232800000000000000e+04
9.486000000000000000e+04
9.529600000000000000e+04
9.607400000000000000e+04
9.776400000000000000e+04
1.017300000000000000e+05
1.020160000000000000e+05
1.032380000000000000e+05
1.033960000000000000e+05
1.049620000000000000e+05
1.073030000000000000e+05
1.082100000000000000e+05
1.126280000000000000e+05
1.171880000000000000e+05
1.174420000000000000e+05
1.198820000000000000e+05
1.214780000000000000e+05
1.216100000000000000e+05
1.228480000000000000e+05
1.231560000000000000e+05
1.240440000000000000e+05
1.262120000000000000e+05
1.268640000000000000e+05
1.321820000000000000e+05
1.326060000000000000e+05
1.327060000000000000e+05
1.328240000000000000e+05
1.355500000000000000e+05
1.412480000000000000e+05
1.415320000000000000e+05
1.421740000000000000e+05
1.425800000000000000e+05
1.462620000000000000e+05
1.467280000000000000e+05
1.478680000000000000e+05
1.480720000000000000e+05
1.521100000000000000e+05
1.545000000000000000e+05
1.564140000000000000e+05
1.594370000000000000e+05
1.604260000000000000e+05
1.619960000000000000e+05
1.634900000000000000e+05
1.643820000000000000e+05
1.650200000000000000e+05
1.665060000000000000e+05
1.688900000000000000e+05
1.696400000000000000e+05
1.719480000000000000e+05
1.733920000000000000e+05
1.762360000000000000e+05
1.767220000000000000e+05
1.773160000000000000e+05
1.818180000000000000e+05
1.859200000000000000e+05
1.861040000000000000e+05
1.885520000000000000e+05
1.912530000000000000e+05
1.925120000000000000e+05
1.957720000000000000e+05
1.959680000000000000e+05
1.984680000000000000e+05
1.999180000000000000e+05
2.031840000000000000e+05
2.037820000000000000e+05
2.043260000000000000e+05
2.097880000000000000e+05
2.109300000000000000e+05
2.111680000000000000e+05
2.124320000000000000e+05
2.147520000000000000e+05
2.183120000000000000e+05
2.183640000000000000e+05
2.235440000000000000e+05
2.240400000000000000e+05
2.248430000000000000e+05
2.264720000000000000e+05
2.270820000000000000e+05
2.275720000000000000e+05
2.279000000000000000e+05
2.282080000000000000e+05
2.292240000000000000e+05
2.316480000000000000e+05
2.321820000000000000e+05
2.391230000000000000e+05
2.399420000000000000e+05
2.402110000000000000e+05
2.440560000000000000e+05
2.470730000000000000e+05
2.481160000000000000e+05
2.501700000000000000e+05
2.502900000000000000e+05
2.503950000000000000e+05
2.516450000000000000e+05
2.548740000000000000e+05
2.570200000000000000e+05
2.587190000000000000e+05
2.649860000000000000e+05
2.653480000000000000e+05
2.655900000000000000e+05
2.657780000000000000e+05
2.682940000000000000e+05
2.684220000000000000e+05
2.692440000000000000e+05
2.742180000000000000e+05
2.743020000000000000e+05
5.470000000000000000e+03
9.470000000000000000e+03
1.269000000000000000e+04
2.084800000000000000e+04
2.373600000000000000e+04
2.904000000000000000e+04
3.178600000000000000e+04
4.086200000000000000e+04
4.107000000000000000e+04
6.044600000000000000e+04
7.630600000000000000e+04
7.997200000000000000e+04
8.756900000000000000e+04
9.124400000000000000e+04
9.201600000000000000e+04
9.239200000000000000e+04
1.073480000000000000e+05
1.159660000000000000e+05
1.225520000000000000e+05
1.268140000000000000e+05
1.351950000000000000e+05
1.392140000000000000e+05
1.521700000000000000e+05
1.722960000000000000e+05
1.829940000000000000e+05
1.885240000000000000e+05
1.902340000000000000e+05
1.958670000000000000e+05
2.127370000000000000e+05
2.137950000000000000e+05
2.150160000000000000e+05
2.418650000000000000e+05
2.462780000000000000e+05
2.737290000000000000e+05
2.745140000000000000e+05
2.765760000000000000e+05
2.782970000000000000e+05
