6.486000000000000000e+03
6.566000000000000000e+03
6.750000000000000000e+03
7.536000000000000000e+03
7.668000000000000000e+03
7.824000000000000000e+03
9.152000000000000000e+03
1.090200000000000000e+04
1.269000000000000000e+04
1.345800000000000000e+04
1.631200000000000000e+04
1.937800000000000000e+04
2.084800000000000000e+04
2.671000000000000000e+04
3.028800000000000000e+04
3.178600000000000000e+04
3.296600000000000000e+04
3.489000000000000000e+04
3.621000000000000000e+04
3.911600000000000000e+04
4.107000000000000000e+04
4.140000000000000000e+04
4.291100000000000000e+04
4.301200000000000000e+04
4.423000000000000000e+04
4.452800000000000000e+04
4.463600000000000000e+04
4.587200000000000000e+04
4.605800000000000000e+04
4.750200000000000000e+04
5.033800000000000000e+04
5.457400000000000000e+04
5.469000000000000000e+04
5.479400000000000000e+04
5.587800000000000000e+04
5.813400000000000000e+04
5.816000000000000000e+04
5.825200000000000000e+04
5.977600000000000000e+04
6.044600000000000000e+04
6.629800000000000000e+04
6.652000000000000000e+04
6.754800000000000000e+04
6.821800000000000000e+04
6.837900000000000000e+04
6.939200000000000000e+04
6.982000000000000000e+04
7.254800000000000000e+04
7.272500000000000000e+04
7.298200000000000000e+04
7.627600000000000000e+04
7.921200000000000000e+04
8.036800000000000000e+04
8.206600000000000000e+04
8.379000000000000000e+04
8.639400000000000000e+04
8.650200000000000000e+04
8.684600000000000000e+04
8.874200000000000000e+04
8.910800000000000000e+04
9.054400000000000000e+04
9.073200000000000000e+04
9.201800000000000000e+04
9.228800000000000000e+04
9.232800000000000000e+04
9.239200000000000000e+04
9.324400000000000000e+04
9.486000000000000000e+04
9.529800000000000000e+04
9.776400000000000000e+04
1.002720000000000000e+05
1.017300000000000000e+05
1.020160000000000000e+05
1.032380000000000000e+05
1.033940000000000000e+05
1.049620000000000000e+05
1.073030000000000000e+05
1.073480000000000000e+05
1.089080000000000000e+05
1.104640000000000000e+05
1.126280000000000000e+05
1.134620000000000000e+05
1.160420000000000000e+05
1.171880000000000000e+05
1.184220000000000000e+05
1.198820000000000000e+05
1.202100000000000000e+05
1.214780000000000000e+05
1.221480000000000000e+05
1.231560000000000000e+05
1.239520000000000000e+05
1.240440000000000000e+05
1.269050000000000000e+05
1.282620000000000000e+05
1.296120000000000000e+05
1.321820000000000000e+05
1.326060000000000000e+05
1.328240000000000000e+05
1.341030000000000000e+05
1.351950000000000000e+05
1.369480000000000000e+05
1.392140000000000000e+05
1.412480000000000000e+05
1.414740000000000000e+05
1.415300000000000000e+05
1.437780000000000000e+05
1.439800000000000000e+05
1.448620000000000000e+05
1.467280000000000000e+05
1.492670000000000000e+05
1.501800000000000000e+05
1.521070000000000000e+05
1.551980000000000000e+05
1.564140000000000000e+05
1.597260000000000000e+05
1.615440000000000000e+05
1.633940000000000000e+05
1.643820000000000000e+05
1.648880000000000000e+05
1.650200000000000000e+05
1.665080000000000000e+05
1.688900000000000000e+05
1.696400000000000000e+05
1.722960000000000000e+05
1.733460000000000000e+05
1.733880000000000000e+05
1.738580000000000000e+05
1.752220000000000000e+05
1.760170000000000000e+05
1.818140000000000000e+05
1.829940000000000000e+05
1.859200000000000000e+05
1.861010000000000000e+05
1.885520000000000000e+05
1.912540000000000000e+05
1.939100000000000000e+05
1.943720000000000000e+05
1.958670000000000000e+05
1.959700000000000000e+05
1.977700000000000000e+05
1.999180000000000000e+05
2.024840000000000000e+05
2.037820000000000000e+05
2.097880000000000000e+05
2.102300000000000000e+05
2.111680000000000000e+05
2.124320000000000000e+05
2.137950000000000000e+05
2.147520000000000000e+05
2.162640000000000000e+05
2.183120000000000000e+05
2.235430000000000000e+05
2.240400000000000000e+05
2.248430000000000000e+05
2.264720000000000000e+05
2.268740000000000000e+05
2.277820000000000000e+05
2.279000000000000000e+05
2.282100000000000000e+05
2.292220000000000000e+05
2.316480000000000000e+05
2.321780000000000000e+05
2.377240000000000000e+05
2.399420000000000000e+05
2.402090000000000000e+05
2.418650000000000000e+05
2.440580000000000000e+05
2.442760000000000000e+05
2.489980000000000000e+05
2.501650000000000000e+05
2.502900000000000000e+05
2.523090000000000000e+05
2.523500000000000000e+05
2.548760000000000000e+05
2.556240000000000000e+05
2.573220000000000000e+05
2.628820000000000000e+05
2.629020000000000000e+05
2.653430000000000000e+05
2.655900000000000000e+05
2.657780000000000000e+05
2.675940000000000000e+05
2.698170000000000000e+05
2.699390000000000000e+05
2.723270000000000000e+05
2.729040000000000000e+05
2.742180000000000000e+05
5.470000000000000000e+03
9.470000000000000000e+03
2.373600000000000000e+04
2.904000000000000000e+04
4.086200000000000000e+04
7.630600000000000000e+04
8.756900000000000000e+04
1.159660000000000000e+05
1.521700000000000000e+05
1.885240000000000000e+05
1.902340000000000000e+05
2.127370000000000000e+05
2.150160000000000000e+05
2.462780000000000000e+05
2.745140000000000000e+05
2.765760000000000000e+05
2.782970000000000000e+05
