3.491000000000000000e+03
5.208000000000000000e+03
5.266000000000000000e+03
7.130000000000000000e+03
7.706000000000000000e+03
7.885000000000000000e+03
8.304000000000000000e+03
1.115600000000000000e+04
1.197400000000000000e+04
1.239200000000000000e+04
1.246100000000000000e+04
1.327800000000000000e+04
1.391200000000000000e+04
1.399600000000000000e+04
1.775000000000000000e+04
1.855200000000000000e+04
1.986000000000000000e+04
2.112100000000000000e+04
2.277400000000000000e+04
2.300200000000000000e+04
2.330600000000000000e+04
2.477600000000000000e+04
2.527000000000000000e+04
2.553000000000000000e+04
2.649000000000000000e+04
2.739400000000000000e+04
2.857800000000000000e+04
2.863800000000000000e+04
3.202000000000000000e+04
3.264900000000000000e+04
3.352000000000000000e+04
3.407600000000000000e+04
3.431500000000000000e+04
3.593000000000000000e+04
3.654100000000000000e+04
3.664300000000000000e+04
3.772600000000000000e+04
3.851800000000000000e+04
3.992100000000000000e+04
4.007100000000000000e+04
4.511000000000000000e+04
4.775000000000000000e+04
4.968800000000000000e+04
5.033400000000000000e+04
5.097200000000000000e+04
5.157200000000000000e+04
5.313800000000000000e+04
5.323800000000000000e+04
5.543800000000000000e+04
5.731000000000000000e+04
5.732900000000000000e+04
5.779300000000000000e+04
5.822800000000000000e+04
5.843600000000000000e+04
6.009800000000000000e+04
6.195800000000000000e+04
6.270600000000000000e+04
6.287500000000000000e+04
6.358900000000000000e+04
6.420200000000000000e+04
6.442000000000000000e+04
6.613800000000000000e+04
6.824600000000000000e+04
6.869200000000000000e+04
6.874600000000000000e+04
6.890200000000000000e+04
6.906300000000000000e+04
7.031000000000000000e+04
7.068300000000000000e+04
7.089300000000000000e+04
7.105200000000000000e+04
7.432300000000000000e+04
7.469400000000000000e+04
7.498400000000000000e+04
7.556800000000000000e+04
7.578000000000000000e+04
7.682400000000000000e+04
7.767400000000000000e+04
7.824100000000000000e+04
7.871400000000000000e+04
7.957600000000000000e+04
8.030800000000000000e+04
8.205000000000000000e+04
8.255000000000000000e+04
8.276400000000000000e+04
8.360600000000000000e+04
8.453200000000000000e+04
8.537400000000000000e+04
8.546400000000000000e+04
8.557500000000000000e+04
8.663800000000000000e+04
8.817000000000000000e+04
8.820800000000000000e+04
8.823000000000000000e+04
8.824600000000000000e+04
8.841600000000000000e+04
8.878600000000000000e+04
9.076000000000000000e+04
9.329400000000000000e+04
9.342400000000000000e+04
9.761400000000000000e+04
9.878600000000000000e+04
1.001790000000000000e+05
1.007010000000000000e+05
1.008800000000000000e+05
1.013640000000000000e+05
1.018060000000000000e+05
1.023180000000000000e+05
1.027720000000000000e+05
1.029420000000000000e+05
1.045380000000000000e+05
1.076170000000000000e+05
1.084080000000000000e+05
1.093320000000000000e+05
1.093480000000000000e+05
1.102880000000000000e+05
1.105760000000000000e+05
1.108480000000000000e+05
1.114560000000000000e+05
1.120020000000000000e+05
1.127140000000000000e+05
1.137900000000000000e+05
1.152950000000000000e+05
1.154480000000000000e+05
1.156600000000000000e+05
1.158640000000000000e+05
1.388900000000000000e+04
1.612000000000000000e+04
1.920600000000000000e+04
2.113800000000000000e+04
2.394800000000000000e+04
3.188900000000000000e+04
3.582000000000000000e+04
3.927100000000000000e+04
4.144800000000000000e+04
5.141300000000000000e+04
5.365600000000000000e+04
6.197500000000000000e+04
7.187400000000000000e+04
7.653200000000000000e+04
8.634900000000000000e+04
9.598300000000000000e+04
9.672800000000000000e+04
1.043720000000000000e+05
1.133110000000000000e+05
