3.833000000000000000e+03
5.208000000000000000e+03
9.415000000000000000e+03
1.183600000000000000e+04
1.197300000000000000e+04
1.323000000000000000e+04
1.396000000000000000e+04
1.765700000000000000e+04
2.062300000000000000e+04
2.364500000000000000e+04
2.409600000000000000e+04
2.552900000000000000e+04
2.648900000000000000e+04
2.863800000000000000e+04
3.304000000000000000e+04
3.431600000000000000e+04
3.664300000000000000e+04
3.806600000000000000e+04
3.992100000000000000e+04
4.579300000000000000e+04
4.809200000000000000e+04
4.900600000000000000e+04
5.097200000000000000e+04
5.543700000000000000e+04
5.561700000000000000e+04
6.135200000000000000e+04
6.427000000000000000e+04
6.648300000000000000e+04
6.721100000000000000e+04
6.804200000000000000e+04
6.824600000000000000e+04
7.466300000000000000e+04
7.489200000000000000e+04
7.578400000000000000e+04
7.758600000000000000e+04
8.360900000000000000e+04
8.810800000000000000e+04
8.824600000000000000e+04
8.841800000000000000e+04
9.329200000000000000e+04
9.878600000000000000e+04
9.975900000000000000e+04
1.012090000000000000e+05
1.022560000000000000e+05
1.023180000000000000e+05
1.027200000000000000e+05
1.031120000000000000e+05
1.041970000000000000e+05
1.089360000000000000e+05
1.090130000000000000e+05
1.122740000000000000e+05
1.124330000000000000e+05
1.141690000000000000e+05
1.152960000000000000e+05
1.239000000000000000e+04
1.388900000000000000e+04
1.612000000000000000e+04
1.920600000000000000e+04
2.077900000000000000e+04
2.113800000000000000e+04
2.394800000000000000e+04
3.188900000000000000e+04
3.317900000000000000e+04
3.407600000000000000e+04
3.582000000000000000e+04
3.817700000000000000e+04
3.927100000000000000e+04
4.144800000000000000e+04
5.141300000000000000e+04
5.365600000000000000e+04
6.197500000000000000e+04
7.187400000000000000e+04
7.653200000000000000e+04
7.824100000000000000e+04
8.357500000000000000e+04
8.634900000000000000e+04
9.598300000000000000e+04
9.672800000000000000e+04
9.899100000000000000e+04
1.043720000000000000e+05
1.084080000000000000e+05
1.133110000000000000e+05
