9.075000000000000000e+03
1.287000000000000000e+04
1.294000000000000000e+04
1.989000000000000000e+04
2.148600000000000000e+04
2.383200000000000000e+04
2.547000000000000000e+04
2.892900000000000000e+04
3.034900000000000000e+04
3.053000000000000000e+04
3.305700000000000000e+04
3.423200000000000000e+04
3.704600000000000000e+04
3.749900000000000000e+04
3.825200000000000000e+04
3.890000000000000000e+04
4.707300000000000000e+04
5.029100000000000000e+04
5.912900000000000000e+04
6.407600000000000000e+04
6.655100000000000000e+04
6.915500000000000000e+04
7.567200000000000000e+04
7.894800000000000000e+04
8.251400000000000000e+04
8.341800000000000000e+04
8.425900000000000000e+04
8.702200000000000000e+04
8.719100000000000000e+04
8.756400000000000000e+04
9.261600000000000000e+04
9.742500000000000000e+04
9.968200000000000000e+04
1.001910000000000000e+05
1.014160000000000000e+05
1.023900000000000000e+05
1.030100000000000000e+05
1.101140000000000000e+05
1.153210000000000000e+05
1.162100000000000000e+05
4.188000000000000000e+03
1.205100000000000000e+04
1.367200000000000000e+04
1.543900000000000000e+04
1.595700000000000000e+04
3.352400000000000000e+04
3.460600000000000000e+04
3.583000000000000000e+04
4.212400000000000000e+04
4.818200000000000000e+04
5.277800000000000000e+04
5.365300000000000000e+04
5.544100000000000000e+04
5.800400000000000000e+04
6.265300000000000000e+04
6.495200000000000000e+04
6.954600000000000000e+04
7.398400000000000000e+04
7.652900000000000000e+04
7.653700000000000000e+04
8.463100000000000000e+04
8.777100000000000000e+04
1.028380000000000000e+05
1.086040000000000000e+05
1.134490000000000000e+05
1.139360000000000000e+05
1.143290000000000000e+05
