2.240000000000000000e+03
3.104000000000000000e+03
3.314000000000000000e+03
3.484000000000000000e+03
5.198000000000000000e+03
6.634000000000000000e+03
8.734000000000000000e+03
9.334000000000000000e+03
1.207600000000000000e+04
1.327700000000000000e+04
1.348900000000000000e+04
1.442800000000000000e+04
1.627000000000000000e+04
1.887400000000000000e+04
1.935300000000000000e+04
2.094000000000000000e+04
2.112000000000000000e+04
2.122100000000000000e+04
2.311200000000000000e+04
2.382600000000000000e+04
2.402400000000000000e+04
2.420200000000000000e+04
2.493800000000000000e+04
2.531600000000000000e+04
2.569200000000000000e+04
2.682700000000000000e+04
2.892900000000000000e+04
3.000600000000000000e+04
3.053000000000000000e+04
3.118900000000000000e+04
3.251000000000000000e+04
3.338800000000000000e+04
3.343600000000000000e+04
3.423000000000000000e+04
3.469000000000000000e+04
3.555800000000000000e+04
3.647600000000000000e+04
3.708400000000000000e+04
3.738600000000000000e+04
3.766000000000000000e+04
3.791200000000000000e+04
3.890000000000000000e+04
3.894700000000000000e+04
3.925600000000000000e+04
4.267700000000000000e+04
4.809000000000000000e+04
5.003600000000000000e+04
5.108700000000000000e+04
5.123800000000000000e+04
5.136600000000000000e+04
5.163000000000000000e+04
5.165000000000000000e+04
5.314800000000000000e+04
5.683600000000000000e+04
5.699400000000000000e+04
5.738600000000000000e+04
5.749800000000000000e+04
5.878400000000000000e+04
5.914000000000000000e+04
6.140700000000000000e+04
6.204600000000000000e+04
6.326100000000000000e+04
6.364100000000000000e+04
6.458400000000000000e+04
6.475400000000000000e+04
6.522500000000000000e+04
6.586900000000000000e+04
6.780000000000000000e+04
6.796200000000000000e+04
6.823400000000000000e+04
6.975400000000000000e+04
7.180800000000000000e+04
7.187200000000000000e+04
7.430200000000000000e+04
7.444600000000000000e+04
7.469400000000000000e+04
7.557600000000000000e+04
7.613200000000000000e+04
7.672000000000000000e+04
7.703800000000000000e+04
8.132800000000000000e+04
8.150000000000000000e+04
8.210400000000000000e+04
8.239800000000000000e+04
8.306000000000000000e+04
8.385900000000000000e+04
8.459600000000000000e+04
8.499000000000000000e+04
8.723300000000000000e+04
8.748900000000000000e+04
8.787300000000000000e+04
8.812200000000000000e+04
8.944400000000000000e+04
8.960000000000000000e+04
9.042600000000000000e+04
9.309600000000000000e+04
9.397400000000000000e+04
9.452700000000000000e+04
9.497100000000000000e+04
9.651200000000000000e+04
9.742200000000000000e+04
9.900800000000000000e+04
9.918200000000000000e+04
1.002620000000000000e+05
1.004040000000000000e+05
1.006940000000000000e+05
1.007850000000000000e+05
1.008680000000000000e+05
1.012460000000000000e+05
1.020900000000000000e+05
1.029630000000000000e+05
1.040300000000000000e+05
1.044240000000000000e+05
1.066040000000000000e+05
1.066850000000000000e+05
1.079930000000000000e+05
1.087540000000000000e+05
1.089980000000000000e+05
1.111970000000000000e+05
1.127700000000000000e+05
1.137390000000000000e+05
1.138510000000000000e+05
1.148560000000000000e+05
1.153200000000000000e+05
1.161340000000000000e+05
4.188000000000000000e+03
1.367200000000000000e+04
1.543900000000000000e+04
1.595700000000000000e+04
3.460600000000000000e+04
3.583000000000000000e+04
4.212400000000000000e+04
4.818200000000000000e+04
5.277800000000000000e+04
5.365300000000000000e+04
5.544100000000000000e+04
5.800400000000000000e+04
6.265300000000000000e+04
6.495200000000000000e+04
6.954600000000000000e+04
7.398400000000000000e+04
7.652900000000000000e+04
7.653700000000000000e+04
8.463100000000000000e+04
8.777100000000000000e+04
1.028380000000000000e+05
1.086040000000000000e+05
1.139360000000000000e+05
1.143290000000000000e+05
