3.144000000000000000e+03
3.698000000000000000e+03
3.891000000000000000e+03
4.179000000000000000e+03
4.311000000000000000e+03
5.266000000000000000e+03
6.453000000000000000e+03
6.525000000000000000e+03
9.416000000000000000e+03
9.666000000000000000e+03
1.054700000000000000e+04
1.110200000000000000e+04
1.134900000000000000e+04
1.162000000000000000e+04
1.231600000000000000e+04
1.241000000000000000e+04
1.319700000000000000e+04
1.323000000000000000e+04
1.361900000000000000e+04
1.603300000000000000e+04
1.832400000000000000e+04
1.855200000000000000e+04
1.941300000000000000e+04
2.106900000000000000e+04
2.300200000000000000e+04
2.330600000000000000e+04
2.478000000000000000e+04
2.518900000000000000e+04
2.527000000000000000e+04
2.857800000000000000e+04
2.863800000000000000e+04
3.059300000000000000e+04
3.152000000000000000e+04
3.202000000000000000e+04
3.264800000000000000e+04
3.308800000000000000e+04
3.388400000000000000e+04
3.407600000000000000e+04
3.561200000000000000e+04
3.586000000000000000e+04
3.601800000000000000e+04
3.707700000000000000e+04
3.783600000000000000e+04
3.902300000000000000e+04
3.992100000000000000e+04
4.109200000000000000e+04
4.144800000000000000e+04
4.419300000000000000e+04
4.501600000000000000e+04
4.714700000000000000e+04
4.775000000000000000e+04
4.963300000000000000e+04
5.131200000000000000e+04
5.141300000000000000e+04
5.191200000000000000e+04
5.194200000000000000e+04
5.206800000000000000e+04
5.289700000000000000e+04
5.313800000000000000e+04
5.509700000000000000e+04
5.711300000000000000e+04
5.731000000000000000e+04
5.732900000000000000e+04
5.741800000000000000e+04
5.749000000000000000e+04
5.975800000000000000e+04
6.229800000000000000e+04
6.287700000000000000e+04
6.304600000000000000e+04
6.348000000000000000e+04
6.427200000000000000e+04
6.476000000000000000e+04
6.488400000000000000e+04
6.601200000000000000e+04
6.812400000000000000e+04
6.817400000000000000e+04
6.824600000000000000e+04
6.874600000000000000e+04
6.965100000000000000e+04
7.008300000000000000e+04
7.026300000000000000e+04
7.065000000000000000e+04
7.105200000000000000e+04
7.187400000000000000e+04
7.281800000000000000e+04
7.345600000000000000e+04
7.429200000000000000e+04
7.432300000000000000e+04
7.435500000000000000e+04
7.556800000000000000e+04
7.578000000000000000e+04
7.715600000000000000e+04
7.801400000000000000e+04
7.807600000000000000e+04
7.858200000000000000e+04
7.957600000000000000e+04
8.047400000000000000e+04
8.132000000000000000e+04
8.205000000000000000e+04
8.255000000000000000e+04
8.257800000000000000e+04
8.317200000000000000e+04
8.327800000000000000e+04
8.373100000000000000e+04
8.512200000000000000e+04
8.582500000000000000e+04
8.764600000000000000e+04
8.810700000000000000e+04
8.817000000000000000e+04
8.824500000000000000e+04
8.841600000000000000e+04
9.027100000000000000e+04
9.075900000000000000e+04
9.183300000000000000e+04
9.225800000000000000e+04
9.329300000000000000e+04
9.342400000000000000e+04
9.553300000000000000e+04
9.554400000000000000e+04
9.878600000000000000e+04
9.941300000000000000e+04
1.001800000000000000e+05
1.007010000000000000e+05
1.008770000000000000e+05
1.013620000000000000e+05
1.014680000000000000e+05
1.027720000000000000e+05
1.029420000000000000e+05
1.042000000000000000e+05
1.046270000000000000e+05
1.050370000000000000e+05
1.072380000000000000e+05
1.087560000000000000e+05
1.096810000000000000e+05
1.103820000000000000e+05
1.104420000000000000e+05
1.108480000000000000e+05
1.109180000000000000e+05
1.113080000000000000e+05
1.135880000000000000e+05
1.144090000000000000e+05
1.154780000000000000e+05
1.156600000000000000e+05
1.158640000000000000e+05
1.161280000000000000e+05
1.388900000000000000e+04
1.612000000000000000e+04
1.920600000000000000e+04
2.113800000000000000e+04
2.394800000000000000e+04
3.188900000000000000e+04
3.582000000000000000e+04
3.927100000000000000e+04
5.365600000000000000e+04
6.197500000000000000e+04
7.653200000000000000e+04
8.634900000000000000e+04
9.598300000000000000e+04
9.672800000000000000e+04
1.043720000000000000e+05
1.133110000000000000e+05
