2.240000000000000000e+03
3.106000000000000000e+03
3.144000000000000000e+03
3.312000000000000000e+03
5.878000000000000000e+03
6.975000000000000000e+03
8.395000000000000000e+03
9.334000000000000000e+03
1.061200000000000000e+04
1.203200000000000000e+04
1.287000000000000000e+04
1.293500000000000000e+04
1.417100000000000000e+04
1.442800000000000000e+04
1.901300000000000000e+04
1.955300000000000000e+04
2.162300000000000000e+04
2.232900000000000000e+04
2.248100000000000000e+04
2.379300000000000000e+04
2.382600000000000000e+04
2.420200000000000000e+04
2.497700000000000000e+04
2.535300000000000000e+04
2.630000000000000000e+04
2.682700000000000000e+04
2.892900000000000000e+04
3.034700000000000000e+04
3.053000000000000000e+04
3.152600000000000000e+04
3.386700000000000000e+04
3.411600000000000000e+04
3.423000000000000000e+04
3.441600000000000000e+04
3.537100000000000000e+04
3.647600000000000000e+04
3.738600000000000000e+04
3.824900000000000000e+04
3.826600000000000000e+04
3.844300000000000000e+04
3.868100000000000000e+04
3.890000000000000000e+04
4.298800000000000000e+04
4.301600000000000000e+04
4.809100000000000000e+04
5.003600000000000000e+04
5.163200000000000000e+04
5.164900000000000000e+04
5.314700000000000000e+04
5.545100000000000000e+04
5.699400000000000000e+04
5.717400000000000000e+04
5.776400000000000000e+04
6.140700000000000000e+04
6.185200000000000000e+04
6.295500000000000000e+04
6.373600000000000000e+04
6.428100000000000000e+04
6.458400000000000000e+04
6.522900000000000000e+04
6.586600000000000000e+04
6.636800000000000000e+04
6.779900000000000000e+04
6.864000000000000000e+04
6.925100000000000000e+04
6.995500000000000000e+04
7.043600000000000000e+04
7.187100000000000000e+04
7.249000000000000000e+04
7.430200000000000000e+04
7.523700000000000000e+04
7.537300000000000000e+04
7.613100000000000000e+04
7.703500000000000000e+04
7.716600000000000000e+04
7.735000000000000000e+04
7.739800000000000000e+04
8.137400000000000000e+04
8.150000000000000000e+04
8.166800000000000000e+04
8.244000000000000000e+04
8.306000000000000000e+04
8.453900000000000000e+04
8.478500000000000000e+04
8.561700000000000000e+04
8.702000000000000000e+04
8.748800000000000000e+04
8.756300000000000000e+04
8.821000000000000000e+04
8.880000000000000000e+04
8.890800000000000000e+04
8.944400000000000000e+04
8.971200000000000000e+04
8.975200000000000000e+04
9.377400000000000000e+04
9.431600000000000000e+04
9.486600000000000000e+04
9.565200000000000000e+04
9.616700000000000000e+04
9.776200000000000000e+04
9.952300000000000000e+04
9.968000000000000000e+04
1.004470000000000000e+05
1.005280000000000000e+05
1.010790000000000000e+05
1.019290000000000000e+05
1.030640000000000000e+05
1.040300000000000000e+05
1.066830000000000000e+05
1.072840000000000000e+05
1.080090000000000000e+05
1.086720000000000000e+05
1.096770000000000000e+05
1.111340000000000000e+05
1.118760000000000000e+05
1.134500000000000000e+05
1.148580000000000000e+05
1.153200000000000000e+05
1.159650000000000000e+05
4.188000000000000000e+03
1.367200000000000000e+04
1.543900000000000000e+04
1.595700000000000000e+04
3.460600000000000000e+04
3.583000000000000000e+04
4.212400000000000000e+04
4.818200000000000000e+04
5.277800000000000000e+04
5.365300000000000000e+04
5.544100000000000000e+04
5.800400000000000000e+04
6.265300000000000000e+04
6.495200000000000000e+04
6.954600000000000000e+04
7.398400000000000000e+04
7.652900000000000000e+04
7.653700000000000000e+04
8.463100000000000000e+04
8.777100000000000000e+04
1.028380000000000000e+05
1.086040000000000000e+05
1.139360000000000000e+05
1.143290000000000000e+05
