4.994700000000000000e+04
6.553000000000000000e+04
8.723000000000000000e+04
1.149770000000000000e+05
4.188000000000000000e+03
1.205100000000000000e+04
1.226000000000000000e+04
1.287000000000000000e+04
1.367200000000000000e+04
1.543900000000000000e+04
1.595700000000000000e+04
2.114600000000000000e+04
2.192400000000000000e+04
2.213800000000000000e+04
2.331400000000000000e+04
2.453800000000000000e+04
2.513000000000000000e+04
2.553200000000000000e+04
2.951200000000000000e+04
3.270800000000000000e+04
3.352400000000000000e+04
3.460600000000000000e+04
3.583000000000000000e+04
3.636800000000000000e+04
3.681900000000000000e+04
3.825200000000000000e+04
4.212400000000000000e+04
4.818200000000000000e+04
5.277800000000000000e+04
5.365300000000000000e+04
5.544100000000000000e+04
5.800400000000000000e+04
6.265300000000000000e+04
6.495200000000000000e+04
6.881500000000000000e+04
6.954600000000000000e+04
7.398400000000000000e+04
7.652900000000000000e+04
7.653700000000000000e+04
8.391600000000000000e+04
8.463100000000000000e+04
8.702100000000000000e+04
8.777100000000000000e+04
9.674300000000000000e+04
1.000200000000000000e+05
1.014160000000000000e+05
1.023900000000000000e+05
1.028380000000000000e+05
1.030100000000000000e+05
1.086040000000000000e+05
1.101140000000000000e+05
1.134490000000000000e+05
1.139360000000000000e+05
1.143290000000000000e+05
