2.422000000000000000e+03
2.810000000000000000e+03
3.315000000000000000e+03
7.716000000000000000e+03
1.205100000000000000e+04
1.287000000000000000e+04
1.293700000000000000e+04
1.986100000000000000e+04
2.023000000000000000e+04
2.266500000000000000e+04
2.383200000000000000e+04
2.385800000000000000e+04
2.535400000000000000e+04
2.615000000000000000e+04
2.892900000000000000e+04
3.034700000000000000e+04
3.053000000000000000e+04
3.355000000000000000e+04
3.386400000000000000e+04
3.407600000000000000e+04
3.647600000000000000e+04
3.738600000000000000e+04
3.791200000000000000e+04
3.924000000000000000e+04
4.707300000000000000e+04
5.063200000000000000e+04
5.683400000000000000e+04
6.151200000000000000e+04
6.407600000000000000e+04
6.587200000000000000e+04
6.907600000000000000e+04
7.085300000000000000e+04
7.523700000000000000e+04
7.567200000000000000e+04
7.612600000000000000e+04
7.614200000000000000e+04
8.030800000000000000e+04
8.136300000000000000e+04
8.239800000000000000e+04
8.251400000000000000e+04
8.425600000000000000e+04
8.736000000000000000e+04
8.756400000000000000e+04
8.787200000000000000e+04
8.876200000000000000e+04
9.047800000000000000e+04
9.363500000000000000e+04
9.418500000000000000e+04
9.776200000000000000e+04
1.001060000000000000e+05
1.005280000000000000e+05
1.007000000000000000e+05
1.010790000000000000e+05
1.030640000000000000e+05
1.040300000000000000e+05
1.069420000000000000e+05
1.083460000000000000e+05
1.086660000000000000e+05
1.104540000000000000e+05
1.134500000000000000e+05
1.153200000000000000e+05
1.162100000000000000e+05
4.188000000000000000e+03
1.367200000000000000e+04
1.543900000000000000e+04
1.595700000000000000e+04
3.460600000000000000e+04
3.583000000000000000e+04
4.212400000000000000e+04
4.818200000000000000e+04
5.277800000000000000e+04
5.365300000000000000e+04
5.544100000000000000e+04
5.800400000000000000e+04
6.265300000000000000e+04
6.495200000000000000e+04
6.954600000000000000e+04
7.398400000000000000e+04
7.652900000000000000e+04
7.653700000000000000e+04
8.463100000000000000e+04
8.777100000000000000e+04
1.028380000000000000e+05
1.086040000000000000e+05
1.139360000000000000e+05
1.143290000000000000e+05
