3.832000000000000000e+03
4.594000000000000000e+03
5.207000000000000000e+03
9.073000000000000000e+03
1.197300000000000000e+04
1.221000000000000000e+04
1.396000000000000000e+04
1.638600000000000000e+04
1.697500000000000000e+04
2.161500000000000000e+04
2.243300000000000000e+04
2.553000000000000000e+04
2.649000000000000000e+04
3.525100000000000000e+04
3.664300000000000000e+04
3.719100000000000000e+04
3.806600000000000000e+04
3.817700000000000000e+04
4.060400000000000000e+04
4.809000000000000000e+04
4.817700000000000000e+04
5.131200000000000000e+04
5.509700000000000000e+04
5.800000000000000000e+04
5.878400000000000000e+04
6.392900000000000000e+04
6.509800000000000000e+04
6.824600000000000000e+04
6.872200000000000000e+04
6.874600000000000000e+04
6.920100000000000000e+04
7.466300000000000000e+04
7.591500000000000000e+04
7.612400000000000000e+04
8.030800000000000000e+04
8.204900000000000000e+04
8.344400000000000000e+04
8.360700000000000000e+04
8.824500000000000000e+04
8.875600000000000000e+04
9.363400000000000000e+04
9.554400000000000000e+04
9.878400000000000000e+04
1.010420000000000000e+05
1.012090000000000000e+05
1.018060000000000000e+05
1.023180000000000000e+05
1.029410000000000000e+05
1.031120000000000000e+05
1.045380000000000000e+05
1.079600000000000000e+05
1.093520000000000000e+05
1.120000000000000000e+05
1.144680000000000000e+05
1.152950000000000000e+05
1.156590000000000000e+05
1.162040000000000000e+05
1.239000000000000000e+04
1.388900000000000000e+04
1.612000000000000000e+04
1.920600000000000000e+04
2.077900000000000000e+04
2.113800000000000000e+04
2.394800000000000000e+04
3.188900000000000000e+04
3.317900000000000000e+04
3.407600000000000000e+04
3.582000000000000000e+04
3.927100000000000000e+04
4.144800000000000000e+04
5.141300000000000000e+04
5.365600000000000000e+04
6.197500000000000000e+04
7.187400000000000000e+04
7.653200000000000000e+04
7.824100000000000000e+04
8.357500000000000000e+04
8.634900000000000000e+04
9.598300000000000000e+04
9.672800000000000000e+04
9.899100000000000000e+04
1.043720000000000000e+05
1.084080000000000000e+05
1.133110000000000000e+05
