3.491000000000000000e+03
4.037000000000000000e+03
5.208000000000000000e+03
5.266000000000000000e+03
7.469000000000000000e+03
7.704000000000000000e+03
7.885000000000000000e+03
9.668000000000000000e+03
1.100600000000000000e+04
1.115600000000000000e+04
1.122800000000000000e+04
1.197300000000000000e+04
1.240800000000000000e+04
1.280000000000000000e+04
1.297800000000000000e+04
1.323000000000000000e+04
1.396000000000000000e+04
1.821100000000000000e+04
2.082900000000000000e+04
2.129800000000000000e+04
2.276800000000000000e+04
2.279800000000000000e+04
2.330400000000000000e+04
2.477600000000000000e+04
2.553000000000000000e+04
2.649000000000000000e+04
2.863800000000000000e+04
3.129600000000000000e+04
3.152000000000000000e+04
3.304000000000000000e+04
3.308800000000000000e+04
3.320300000000000000e+04
3.352000000000000000e+04
3.407600000000000000e+04
3.567800000000000000e+04
3.588600000000000000e+04
3.654000000000000000e+04
3.664200000000000000e+04
3.783700000000000000e+04
3.945100000000000000e+04
3.992000000000000000e+04
4.041000000000000000e+04
4.579300000000000000e+04
4.809000000000000000e+04
4.954500000000000000e+04
5.058000000000000000e+04
5.063100000000000000e+04
5.237400000000000000e+04
5.313800000000000000e+04
5.459800000000000000e+04
5.767200000000000000e+04
5.809600000000000000e+04
5.832800000000000000e+04
5.881200000000000000e+04
6.009800000000000000e+04
6.135200000000000000e+04
6.287500000000000000e+04
6.392900000000000000e+04
6.440000000000000000e+04
6.488400000000000000e+04
6.552000000000000000e+04
6.676400000000000000e+04
6.749500000000000000e+04
6.757400000000000000e+04
6.840600000000000000e+04
6.890200000000000000e+04
6.906300000000000000e+04
6.999200000000000000e+04
7.099000000000000000e+04
7.259100000000000000e+04
7.277600000000000000e+04
7.295200000000000000e+04
7.469400000000000000e+04
7.523100000000000000e+04
7.578200000000000000e+04
7.700200000000000000e+04
7.807700000000000000e+04
7.889500000000000000e+04
7.894100000000000000e+04
7.970700000000000000e+04
8.257400000000000000e+04
8.289500000000000000e+04
8.360900000000000000e+04
8.419200000000000000e+04
8.441100000000000000e+04
8.480400000000000000e+04
8.537400000000000000e+04
8.662500000000000000e+04
8.810700000000000000e+04
8.824500000000000000e+04
8.841600000000000000e+04
9.240700000000000000e+04
9.329000000000000000e+04
9.761400000000000000e+04
9.878600000000000000e+04
9.890200000000000000e+04
9.907500000000000000e+04
1.001800000000000000e+05
1.008800000000000000e+05
1.018070000000000000e+05
1.026580000000000000e+05
1.027200000000000000e+05
1.027720000000000000e+05
1.029420000000000000e+05
1.063080000000000000e+05
1.082550000000000000e+05
1.084360000000000000e+05
1.086430000000000000e+05
1.093500000000000000e+05
1.115280000000000000e+05
1.123260000000000000e+05
1.127140000000000000e+05
1.129340000000000000e+05
1.135880000000000000e+05
1.137900000000000000e+05
1.158650000000000000e+05
1.161270000000000000e+05
1.165900000000000000e+05
1.388900000000000000e+04
1.612000000000000000e+04
1.920600000000000000e+04
2.077900000000000000e+04
2.113800000000000000e+04
2.394800000000000000e+04
3.188900000000000000e+04
3.582000000000000000e+04
3.927100000000000000e+04
4.144800000000000000e+04
5.141300000000000000e+04
5.365600000000000000e+04
6.197500000000000000e+04
7.187400000000000000e+04
7.653200000000000000e+04
7.824100000000000000e+04
8.634900000000000000e+04
9.598300000000000000e+04
9.672800000000000000e+04
9.899100000000000000e+04
1.043720000000000000e+05
1.084080000000000000e+05
1.133110000000000000e+05
