3.491000000000000000e+03
5.208000000000000000e+03
6.864000000000000000e+03
7.469000000000000000e+03
7.704000000000000000e+03
1.197300000000000000e+04
1.239000000000000000e+04
1.361900000000000000e+04
1.391200000000000000e+04
2.130300000000000000e+04
2.161000000000000000e+04
2.477600000000000000e+04
2.526900000000000000e+04
2.553000000000000000e+04
2.649000000000000000e+04
2.863700000000000000e+04
3.286200000000000000e+04
3.332900000000000000e+04
3.351900000000000000e+04
3.371400000000000000e+04
3.407600000000000000e+04
3.431600000000000000e+04
3.664200000000000000e+04
3.806600000000000000e+04
3.817800000000000000e+04
3.939100000000000000e+04
3.992100000000000000e+04
4.511000000000000000e+04
4.775000000000000000e+04
4.934800000000000000e+04
4.954500000000000000e+04
5.063100000000000000e+04
5.509600000000000000e+04
5.800000000000000000e+04
5.843600000000000000e+04
6.161600000000000000e+04
6.358900000000000000e+04
6.406900000000000000e+04
6.648300000000000000e+04
6.778200000000000000e+04
6.824600000000000000e+04
6.840600000000000000e+04
6.906300000000000000e+04
6.924100000000000000e+04
7.192300000000000000e+04
7.207200000000000000e+04
7.398100000000000000e+04
7.469400000000000000e+04
7.556800000000000000e+04
7.578000000000000000e+04
7.826700000000000000e+04
8.205000000000000000e+04
8.276300000000000000e+04
8.288900000000000000e+04
8.326900000000000000e+04
8.537400000000000000e+04
8.546200000000000000e+04
8.810700000000000000e+04
8.824500000000000000e+04
8.841600000000000000e+04
9.206800000000000000e+04
9.329400000000000000e+04
9.878600000000000000e+04
9.899100000000000000e+04
1.001800000000000000e+05
1.008800000000000000e+05
1.018060000000000000e+05
1.019790000000000000e+05
1.023790000000000000e+05
1.027720000000000000e+05
1.029420000000000000e+05
1.089360000000000000e+05
1.090100000000000000e+05
1.115300000000000000e+05
1.115960000000000000e+05
1.127140000000000000e+05
1.137910000000000000e+05
1.152960000000000000e+05
1.156600000000000000e+05
1.162040000000000000e+05
1.388900000000000000e+04
1.612000000000000000e+04
1.920600000000000000e+04
2.077900000000000000e+04
2.113800000000000000e+04
2.394800000000000000e+04
3.188900000000000000e+04
3.582000000000000000e+04
3.927100000000000000e+04
4.144800000000000000e+04
5.141300000000000000e+04
5.365600000000000000e+04
6.197500000000000000e+04
7.187400000000000000e+04
7.653200000000000000e+04
7.824100000000000000e+04
8.634900000000000000e+04
9.598300000000000000e+04
9.672800000000000000e+04
1.043720000000000000e+05
1.084080000000000000e+05
1.133110000000000000e+05
