5.208000000000000000e+03
5.268000000000000000e+03
7.706000000000000000e+03
8.149000000000000000e+03
9.580000000000000000e+03
9.668000000000000000e+03
1.115600000000000000e+04
1.122800000000000000e+04
1.197300000000000000e+04
1.240800000000000000e+04
1.246100000000000000e+04
1.391200000000000000e+04
1.396000000000000000e+04
1.638500000000000000e+04
1.821100000000000000e+04
2.062400000000000000e+04
2.107200000000000000e+04
2.274000000000000000e+04
2.330400000000000000e+04
2.552900000000000000e+04
2.588900000000000000e+04
2.649000000000000000e+04
2.857700000000000000e+04
2.863800000000000000e+04
3.016300000000000000e+04
3.218300000000000000e+04
3.303700000000000000e+04
3.317900000000000000e+04
3.407600000000000000e+04
3.601800000000000000e+04
3.664300000000000000e+04
3.741600000000000000e+04
3.817700000000000000e+04
3.973100000000000000e+04
4.060500000000000000e+04
4.579300000000000000e+04
4.809000000000000000e+04
4.900600000000000000e+04
5.144400000000000000e+04
5.227600000000000000e+04
5.475300000000000000e+04
5.527700000000000000e+04
5.615000000000000000e+04
5.639900000000000000e+04
5.900700000000000000e+04
5.970600000000000000e+04
6.135200000000000000e+04
6.161800000000000000e+04
6.358900000000000000e+04
6.676400000000000000e+04
6.681600000000000000e+04
6.721000000000000000e+04
6.824600000000000000e+04
6.863100000000000000e+04
6.874600000000000000e+04
6.906400000000000000e+04
7.031000000000000000e+04
7.071200000000000000e+04
7.315800000000000000e+04
7.379800000000000000e+04
7.466300000000000000e+04
7.489100000000000000e+04
7.544200000000000000e+04
7.758600000000000000e+04
7.878200000000000000e+04
7.903000000000000000e+04
8.239000000000000000e+04
8.336500000000000000e+04
8.357500000000000000e+04
8.360900000000000000e+04
8.378200000000000000e+04
8.419200000000000000e+04
8.810700000000000000e+04
8.824600000000000000e+04
8.841600000000000000e+04
9.056600000000000000e+04
9.240700000000000000e+04
9.363800000000000000e+04
9.878600000000000000e+04
1.000480000000000000e+05
1.008690000000000000e+05
1.018060000000000000e+05
1.022540000000000000e+05
1.023790000000000000e+05
1.024410000000000000e+05
1.026580000000000000e+05
1.089350000000000000e+05
1.093520000000000000e+05
1.105090000000000000e+05
1.124330000000000000e+05
1.127130000000000000e+05
1.129360000000000000e+05
1.135880000000000000e+05
1.141690000000000000e+05
1.158160000000000000e+05
1.161270000000000000e+05
1.388900000000000000e+04
1.612000000000000000e+04
1.920600000000000000e+04
2.077900000000000000e+04
2.113800000000000000e+04
2.394800000000000000e+04
3.188900000000000000e+04
3.582000000000000000e+04
3.927100000000000000e+04
4.144800000000000000e+04
5.141300000000000000e+04
5.365600000000000000e+04
6.197500000000000000e+04
7.187400000000000000e+04
7.653200000000000000e+04
7.824100000000000000e+04
8.634900000000000000e+04
9.598300000000000000e+04
9.672800000000000000e+04
9.899100000000000000e+04
1.043720000000000000e+05
1.084080000000000000e+05
1.133110000000000000e+05
