9.075000000000000000e+03
1.226000000000000000e+04
1.287000000000000000e+04
1.921000000000000000e+04
2.114600000000000000e+04
2.213800000000000000e+04
2.547000000000000000e+04
2.858900000000000000e+04
3.000800000000000000e+04
3.053000000000000000e+04
3.271600000000000000e+04
3.704600000000000000e+04
3.749900000000000000e+04
3.825200000000000000e+04
3.890000000000000000e+04
4.707300000000000000e+04
5.029100000000000000e+04
5.947000000000000000e+04
6.407600000000000000e+04
6.688800000000000000e+04
6.983300000000000000e+04
7.894800000000000000e+04
7.971800000000000000e+04
8.251400000000000000e+04
8.341800000000000000e+04
8.391600000000000000e+04
8.702100000000000000e+04
8.756400000000000000e+04
9.776500000000000000e+04
1.001910000000000000e+05
1.003600000000000000e+05
1.014160000000000000e+05
1.030100000000000000e+05
1.153200000000000000e+05
4.188000000000000000e+03
1.205100000000000000e+04
1.367200000000000000e+04
1.543900000000000000e+04
1.595700000000000000e+04
3.352400000000000000e+04
3.460600000000000000e+04
3.583000000000000000e+04
4.212400000000000000e+04
4.818200000000000000e+04
5.277800000000000000e+04
5.365300000000000000e+04
5.544100000000000000e+04
5.800400000000000000e+04
6.265300000000000000e+04
6.495200000000000000e+04
6.954600000000000000e+04
7.398400000000000000e+04
7.652900000000000000e+04
7.653700000000000000e+04
8.463100000000000000e+04
8.777100000000000000e+04
1.023900000000000000e+05
1.028380000000000000e+05
1.086040000000000000e+05
1.101140000000000000e+05
1.134490000000000000e+05
1.139360000000000000e+05
1.143290000000000000e+05
