3.923700000000000000e+04
6.509800000000000000e+04
6.801200000000000000e+04
6.858700000000000000e+04
5.208000000000000000e+03
1.239000000000000000e+04
1.388900000000000000e+04
1.396000000000000000e+04
1.612000000000000000e+04
1.920600000000000000e+04
2.077900000000000000e+04
2.113800000000000000e+04
2.394800000000000000e+04
2.552900000000000000e+04
2.649000000000000000e+04
3.188900000000000000e+04
3.317900000000000000e+04
3.407600000000000000e+04
3.582000000000000000e+04
3.664300000000000000e+04
3.806600000000000000e+04
3.817700000000000000e+04
3.927100000000000000e+04
4.144800000000000000e+04
5.141300000000000000e+04
5.365600000000000000e+04
6.197500000000000000e+04
7.187400000000000000e+04
7.653200000000000000e+04
7.824100000000000000e+04
8.357500000000000000e+04
8.361000000000000000e+04
8.634900000000000000e+04
9.598300000000000000e+04
9.672800000000000000e+04
9.844600000000000000e+04
9.899100000000000000e+04
1.027720000000000000e+05
1.043720000000000000e+05
1.084080000000000000e+05
1.092770000000000000e+05
1.127740000000000000e+05
1.133110000000000000e+05
