3.491000000000000000e+03
3.632000000000000000e+03
3.890000000000000000e+03
4.926000000000000000e+03
5.208000000000000000e+03
7.130000000000000000e+03
7.704000000000000000e+03
7.885000000000000000e+03
9.045000000000000000e+03
9.326000000000000000e+03
1.088700000000000000e+04
1.111500000000000000e+04
1.197300000000000000e+04
1.207400000000000000e+04
1.217600000000000000e+04
1.304800000000000000e+04
1.323000000000000000e+04
1.348000000000000000e+04
1.361900000000000000e+04
1.365800000000000000e+04
1.612000000000000000e+04
1.902900000000000000e+04
1.920600000000000000e+04
1.923200000000000000e+04
2.077200000000000000e+04
2.129700000000000000e+04
2.398600000000000000e+04
2.416100000000000000e+04
2.446700000000000000e+04
2.478000000000000000e+04
2.527000000000000000e+04
2.572600000000000000e+04
2.882200000000000000e+04
2.931800000000000000e+04
3.061600000000000000e+04
3.220000000000000000e+04
3.236000000000000000e+04
3.354400000000000000e+04
3.400500000000000000e+04
3.441400000000000000e+04
3.487200000000000000e+04
3.493400000000000000e+04
3.567800000000000000e+04
3.586000000000000000e+04
3.719200000000000000e+04
3.741600000000000000e+04
3.783600000000000000e+04
3.970300000000000000e+04
4.041000000000000000e+04
4.060300000000000000e+04
4.144500000000000000e+04
4.511000000000000000e+04
4.775100000000000000e+04
4.903000000000000000e+04
4.920500000000000000e+04
4.968800000000000000e+04
5.024200000000000000e+04
5.097200000000000000e+04
5.169400000000000000e+04
5.191200000000000000e+04
5.278200000000000000e+04
5.279800000000000000e+04
5.323800000000000000e+04
5.519300000000000000e+04
5.580800000000000000e+04
5.680900000000000000e+04
5.731000000000000000e+04
5.877600000000000000e+04
5.881200000000000000e+04
5.975800000000000000e+04
6.135200000000000000e+04
6.195900000000000000e+04
6.287700000000000000e+04
6.358900000000000000e+04
6.386600000000000000e+04
6.474100000000000000e+04
6.551800000000000000e+04
6.723300000000000000e+04
6.749600000000000000e+04
6.830800000000000000e+04
6.846500000000000000e+04
6.890200000000000000e+04
6.940400000000000000e+04
7.031000000000000000e+04
7.078000000000000000e+04
7.173100000000000000e+04
7.295200000000000000e+04
7.401500000000000000e+04
7.481800000000000000e+04
7.530800000000000000e+04
7.556800000000000000e+04
7.558600000000000000e+04
7.578000000000000000e+04
7.579700000000000000e+04
7.773700000000000000e+04
7.962000000000000000e+04
8.047400000000000000e+04
8.106700000000000000e+04
8.171200000000000000e+04
8.195600000000000000e+04
8.255000000000000000e+04
8.271700000000000000e+04
8.326900000000000000e+04
8.453100000000000000e+04
8.461400000000000000e+04
8.512300000000000000e+04
8.571500000000000000e+04
8.650500000000000000e+04
8.687000000000000000e+04
8.824500000000000000e+04
8.841600000000000000e+04
8.844700000000000000e+04
9.042000000000000000e+04
9.107100000000000000e+04
9.259800000000000000e+04
9.274400000000000000e+04
9.329500000000000000e+04
9.588500000000000000e+04
9.727400000000000000e+04
9.729000000000000000e+04
9.788300000000000000e+04
9.878600000000000000e+04
9.907600000000000000e+04
1.001800000000000000e+05
1.007010000000000000e+05
1.008770000000000000e+05
1.013620000000000000e+05
1.014690000000000000e+05
1.017420000000000000e+05
1.022540000000000000e+05
1.030000000000000000e+05
1.045410000000000000e+05
1.045870000000000000e+05
1.063420000000000000e+05
1.065590000000000000e+05
1.070570000000000000e+05
1.076160000000000000e+05
1.083430000000000000e+05
1.093410000000000000e+05
1.102890000000000000e+05
1.104420000000000000e+05
1.108500000000000000e+05
1.120930000000000000e+05
1.122760000000000000e+05
1.130520000000000000e+05
1.131900000000000000e+05
1.135880000000000000e+05
1.142920000000000000e+05
1.157880000000000000e+05
1.158640000000000000e+05
1.177400000000000000e+05
1.388900000000000000e+04
2.113800000000000000e+04
2.394800000000000000e+04
3.582000000000000000e+04
3.927100000000000000e+04
5.365600000000000000e+04
6.197500000000000000e+04
7.653200000000000000e+04
8.634900000000000000e+04
9.598300000000000000e+04
9.672800000000000000e+04
1.133110000000000000e+05
