5.208000000000000000e+03
7.704000000000000000e+03
1.197300000000000000e+04
1.391200000000000000e+04
1.396000000000000000e+04
2.553000000000000000e+04
2.649000000000000000e+04
2.829600000000000000e+04
3.664300000000000000e+04
3.806600000000000000e+04
3.992200000000000000e+04
4.579300000000000000e+04
4.809100000000000000e+04
5.131200000000000000e+04
5.543700000000000000e+04
5.629700000000000000e+04
6.407700000000000000e+04
6.824600000000000000e+04
7.466300000000000000e+04
7.544400000000000000e+04
7.591200000000000000e+04
8.238900000000000000e+04
8.360900000000000000e+04
8.810700000000000000e+04
8.824600000000000000e+04
9.124600000000000000e+04
9.878600000000000000e+04
9.907600000000000000e+04
1.012090000000000000e+05
1.023180000000000000e+05
1.027180000000000000e+05
1.027720000000000000e+05
1.032820000000000000e+05
1.089360000000000000e+05
1.093520000000000000e+05
1.124330000000000000e+05
1.142960000000000000e+05
1.152960000000000000e+05
1.158640000000000000e+05
1.239000000000000000e+04
1.388900000000000000e+04
1.612000000000000000e+04
1.920600000000000000e+04
2.077900000000000000e+04
2.113800000000000000e+04
2.394800000000000000e+04
3.188900000000000000e+04
3.317900000000000000e+04
3.407600000000000000e+04
3.582000000000000000e+04
3.817700000000000000e+04
3.927100000000000000e+04
4.144800000000000000e+04
5.141300000000000000e+04
5.365600000000000000e+04
6.197500000000000000e+04
7.187400000000000000e+04
7.653200000000000000e+04
7.824100000000000000e+04
8.357500000000000000e+04
8.634900000000000000e+04
9.598300000000000000e+04
9.672800000000000000e+04
9.899100000000000000e+04
1.043720000000000000e+05
1.084080000000000000e+05
1.133110000000000000e+05
