5.208000000000000000e+03
7.129000000000000000e+03
7.705000000000000000e+03
1.197300000000000000e+04
1.239000000000000000e+04
1.338400000000000000e+04
1.391200000000000000e+04
1.396000000000000000e+04
2.161000000000000000e+04
2.209200000000000000e+04
2.334200000000000000e+04
2.477600000000000000e+04
2.526900000000000000e+04
2.552900000000000000e+04
2.649000000000000000e+04
2.863800000000000000e+04
3.407600000000000000e+04
3.664200000000000000e+04
3.806600000000000000e+04
3.817700000000000000e+04
3.973000000000000000e+04
3.992000000000000000e+04
4.579300000000000000e+04
4.809100000000000000e+04
5.097100000000000000e+04
5.509400000000000000e+04
5.629700000000000000e+04
5.843500000000000000e+04
6.093800000000000000e+04
6.304800000000000000e+04
6.358900000000000000e+04
6.723000000000000000e+04
6.817600000000000000e+04
6.840600000000000000e+04
6.906300000000000000e+04
7.345600000000000000e+04
7.466300000000000000e+04
7.469400000000000000e+04
7.522800000000000000e+04
7.578000000000000000e+04
7.758600000000000000e+04
8.239000000000000000e+04
8.357500000000000000e+04
8.361000000000000000e+04
8.446400000000000000e+04
8.824600000000000000e+04
8.841600000000000000e+04
8.879100000000000000e+04
9.124600000000000000e+04
9.878600000000000000e+04
1.001800000000000000e+05
1.008780000000000000e+05
1.011220000000000000e+05
1.022540000000000000e+05
1.026580000000000000e+05
1.027200000000000000e+05
1.027720000000000000e+05
1.089360000000000000e+05
1.093520000000000000e+05
1.127740000000000000e+05
1.135880000000000000e+05
1.136160000000000000e+05
1.158640000000000000e+05
1.388900000000000000e+04
1.612000000000000000e+04
1.920600000000000000e+04
2.077900000000000000e+04
2.113800000000000000e+04
2.394800000000000000e+04
3.188900000000000000e+04
3.317900000000000000e+04
3.582000000000000000e+04
3.927100000000000000e+04
4.144800000000000000e+04
5.141300000000000000e+04
5.365600000000000000e+04
6.197500000000000000e+04
7.187400000000000000e+04
7.653200000000000000e+04
7.824100000000000000e+04
8.634900000000000000e+04
9.598300000000000000e+04
9.672800000000000000e+04
9.899100000000000000e+04
1.043720000000000000e+05
1.084080000000000000e+05
1.133110000000000000e+05
