4.372000000000000000e+03
7.713000000000000000e+03
2.360800000000000000e+04
3.063800000000000000e+04
3.391000000000000000e+04
3.569400000000000000e+04
3.756800000000000000e+04
5.685200000000000000e+04
5.967300000000000000e+04
7.273000000000000000e+04
7.431600000000000000e+04
7.457200000000000000e+04
7.563200000000000000e+04
7.789000000000000000e+04
7.874700000000000000e+04
7.912800000000000000e+04
7.960500000000000000e+04
8.139900000000000000e+04
8.587300000000000000e+04
1.309500000000000000e+04
4.311500000000000000e+04
5.590100000000000000e+04
8.809000000000000000e+04
