4.372000000000000000e+03
7.711000000000000000e+03
1.391200000000000000e+04
2.360800000000000000e+04
3.064000000000000000e+04
3.454800000000000000e+04
3.569200000000000000e+04
3.624500000000000000e+04
3.725200000000000000e+04
3.854700000000000000e+04
5.287900000000000000e+04
5.685200000000000000e+04
5.935400000000000000e+04
6.441400000000000000e+04
7.305000000000000000e+04
7.309000000000000000e+04
7.393400000000000000e+04
7.431400000000000000e+04
7.563200000000000000e+04
7.714900000000000000e+04
7.793500000000000000e+04
7.884700000000000000e+04
7.912800000000000000e+04
7.928400000000000000e+04
8.007300000000000000e+04
8.098000000000000000e+04
8.107100000000000000e+04
8.521600000000000000e+04
8.587400000000000000e+04
8.999000000000000000e+04
1.309500000000000000e+04
4.311500000000000000e+04
5.590100000000000000e+04
8.809000000000000000e+04
