2.105000000000000000e+03
2.409000000000000000e+03
4.388000000000000000e+03
4.604000000000000000e+03
5.123000000000000000e+03
6.196000000000000000e+03
8.318000000000000000e+03
8.562000000000000000e+03
9.034000000000000000e+03
9.408000000000000000e+03
9.938000000000000000e+03
1.093600000000000000e+04
1.131400000000000000e+04
1.140200000000000000e+04
1.158000000000000000e+04
1.318800000000000000e+04
1.335400000000000000e+04
1.431600000000000000e+04
1.521400000000000000e+04
1.531600000000000000e+04
1.538400000000000000e+04
1.639300000000000000e+04
1.666600000000000000e+04
1.681500000000000000e+04
1.726800000000000000e+04
1.740000000000000000e+04
1.800200000000000000e+04
1.999800000000000000e+04
2.142400000000000000e+04
2.182800000000000000e+04
2.224000000000000000e+04
2.265300000000000000e+04
2.319900000000000000e+04
2.378800000000000000e+04
2.438200000000000000e+04
2.513200000000000000e+04
2.568800000000000000e+04
2.629000000000000000e+04
2.681300000000000000e+04
2.870600000000000000e+04
2.965600000000000000e+04
3.096100000000000000e+04
3.112000000000000000e+04
3.129400000000000000e+04
3.142700000000000000e+04
3.292400000000000000e+04
3.330800000000000000e+04
3.346200000000000000e+04
3.368500000000000000e+04
3.449000000000000000e+04
3.517300000000000000e+04
3.526300000000000000e+04
3.629800000000000000e+04
3.640500000000000000e+04
3.720200000000000000e+04
3.758500000000000000e+04
3.915400000000000000e+04
4.032800000000000000e+04
4.096800000000000000e+04
4.113200000000000000e+04
4.170800000000000000e+04
4.246300000000000000e+04
4.256800000000000000e+04
4.319400000000000000e+04
4.339100000000000000e+04
4.363400000000000000e+04
4.474800000000000000e+04
4.570400000000000000e+04
4.647300000000000000e+04
4.698200000000000000e+04
4.706300000000000000e+04
4.737600000000000000e+04
4.760600000000000000e+04
4.876000000000000000e+04
4.959600000000000000e+04
5.028000000000000000e+04
5.201500000000000000e+04
5.212300000000000000e+04
5.245600000000000000e+04
5.278200000000000000e+04
5.354000000000000000e+04
5.392500000000000000e+04
5.408100000000000000e+04
5.425500000000000000e+04
5.432400000000000000e+04
5.474600000000000000e+04
5.622800000000000000e+04
5.724800000000000000e+04
5.756600000000000000e+04
5.858400000000000000e+04
5.955000000000000000e+04
6.019200000000000000e+04
6.083200000000000000e+04
6.090600000000000000e+04
6.143200000000000000e+04
6.237000000000000000e+04
6.276600000000000000e+04
6.315900000000000000e+04
6.408100000000000000e+04
6.460900000000000000e+04
6.555100000000000000e+04
6.585600000000000000e+04
6.607100000000000000e+04
6.637400000000000000e+04
6.704200000000000000e+04
6.749000000000000000e+04
6.751200000000000000e+04
6.753700000000000000e+04
6.755600000000000000e+04
6.779000000000000000e+04
6.802100000000000000e+04
7.043200000000000000e+04
7.083900000000000000e+04
7.085800000000000000e+04
7.241700000000000000e+04
7.342000000000000000e+04
7.360900000000000000e+04
7.437600000000000000e+04
7.439300000000000000e+04
7.531400000000000000e+04
7.546000000000000000e+04
7.673800000000000000e+04
7.738800000000000000e+04
7.767800000000000000e+04
7.770600000000000000e+04
7.865200000000000000e+04
8.030600000000000000e+04
8.149400000000000000e+04
8.201900000000000000e+04
8.242800000000000000e+04
8.300600000000000000e+04
8.364400000000000000e+04
8.378300000000000000e+04
8.456200000000000000e+04
8.496200000000000000e+04
8.542500000000000000e+04
8.563900000000000000e+04
8.605300000000000000e+04
8.783200000000000000e+04
8.820600000000000000e+04
8.834100000000000000e+04
8.863000000000000000e+04
8.921500000000000000e+04
8.944800000000000000e+04
9.116300000000000000e+04
9.157200000000000000e+04
9.293400000000000000e+04
9.300600000000000000e+04
9.352400000000000000e+04
9.520500000000000000e+04
9.565400000000000000e+04
9.766800000000000000e+04
9.777400000000000000e+04
9.788200000000000000e+04
9.884700000000000000e+04
9.902300000000000000e+04
1.016090000000000000e+05
1.017800000000000000e+05
1.020160000000000000e+05
1.026440000000000000e+05
1.029320000000000000e+05
1.044970000000000000e+05
1.053420000000000000e+05
1.056580000000000000e+05
1.061300000000000000e+05
1.061800000000000000e+05
1.070780000000000000e+05
1.077340000000000000e+05
1.085970000000000000e+05
1.090920000000000000e+05
1.092190000000000000e+05
1.100590000000000000e+05
1.106340000000000000e+05
1.112880000000000000e+05
1.123560000000000000e+05
1.124840000000000000e+05
1.125220000000000000e+05
1.140480000000000000e+05
2.375800000000000000e+04
1.024450000000000000e+05
