6.313000000000000000e+03
1.426700000000000000e+04
1.922500000000000000e+04
2.180700000000000000e+04
2.243300000000000000e+04
2.386500000000000000e+04
2.668400000000000000e+04
2.810900000000000000e+04
3.577200000000000000e+04
3.743600000000000000e+04
3.753900000000000000e+04
7.661400000000000000e+04
8.062400000000000000e+04
8.429000000000000000e+04
8.707800000000000000e+04
9.266200000000000000e+04
1.004200000000000000e+05
1.045940000000000000e+05
1.046110000000000000e+05
3.124100000000000000e+04
6.309800000000000000e+04
8.220500000000000000e+04
9.754100000000000000e+04
