1.515000000000000000e+03
2.831000000000000000e+03
2.940000000000000000e+03
2.991000000000000000e+03
3.063000000000000000e+03
3.163000000000000000e+03
3.325000000000000000e+03
3.565000000000000000e+03
4.246000000000000000e+03
4.295000000000000000e+03
4.440000000000000000e+03
4.498000000000000000e+03
5.117000000000000000e+03
5.215000000000000000e+03
5.407000000000000000e+03
5.933000000000000000e+03
6.225000000000000000e+03
6.409000000000000000e+03
6.427000000000000000e+03
7.081000000000000000e+03
7.199000000000000000e+03
7.605000000000000000e+03
9.284000000000000000e+03
1.003100000000000000e+04
1.018100000000000000e+04
1.029600000000000000e+04
1.082000000000000000e+04
1.094900000000000000e+04
1.126000000000000000e+04
1.156300000000000000e+04
1.182100000000000000e+04
1.183700000000000000e+04
1.206200000000000000e+04
1.220500000000000000e+04
1.224100000000000000e+04
1.320500000000000000e+04
1.350400000000000000e+04
1.377700000000000000e+04
1.408100000000000000e+04
1.439800000000000000e+04
1.481000000000000000e+04
1.563200000000000000e+04
1.589100000000000000e+04
1.639600000000000000e+04
1.680700000000000000e+04
1.683500000000000000e+04
1.721800000000000000e+04
1.724700000000000000e+04
1.742600000000000000e+04
1.784100000000000000e+04
1.817300000000000000e+04
1.838100000000000000e+04
1.914600000000000000e+04
1.981400000000000000e+04
2.003300000000000000e+04
2.010300000000000000e+04
2.067300000000000000e+04
2.076100000000000000e+04
2.130100000000000000e+04
2.183700000000000000e+04
2.227700000000000000e+04
2.231100000000000000e+04
2.294900000000000000e+04
2.313900000000000000e+04
2.316300000000000000e+04
2.338600000000000000e+04
2.342700000000000000e+04
2.451300000000000000e+04
2.459200000000000000e+04
2.497100000000000000e+04
2.519100000000000000e+04
2.537300000000000000e+04
2.650100000000000000e+04
2.665000000000000000e+04
2.683500000000000000e+04
2.745800000000000000e+04
2.750600000000000000e+04
2.778500000000000000e+04
2.810700000000000000e+04
2.827900000000000000e+04
2.831100000000000000e+04
2.842100000000000000e+04
2.872300000000000000e+04
2.899500000000000000e+04
2.993500000000000000e+04
2.996900000000000000e+04
3.008500000000000000e+04
3.070900000000000000e+04
3.131900000000000000e+04
3.162200000000000000e+04
3.164500000000000000e+04
3.186100000000000000e+04
3.259900000000000000e+04
3.275300000000000000e+04
3.318700000000000000e+04
3.332700000000000000e+04
3.426300000000000000e+04
3.440900000000000000e+04
3.497900000000000000e+04
3.562100000000000000e+04
3.573200000000000000e+04
3.588400000000000000e+04
3.594000000000000000e+04
3.599900000000000000e+04
3.718900000000000000e+04
3.722400000000000000e+04
3.751400000000000000e+04
3.781300000000000000e+04
3.830800000000000000e+04
3.906100000000000000e+04
3.918700000000000000e+04
3.942800000000000000e+04
3.994400000000000000e+04
4.003600000000000000e+04
4.007600000000000000e+04
4.014900000000000000e+04
4.071300000000000000e+04
4.139700000000000000e+04
4.159400000000000000e+04
4.219100000000000000e+04
4.237200000000000000e+04
4.242300000000000000e+04
4.275700000000000000e+04
4.356300000000000000e+04
4.367500000000000000e+04
4.370800000000000000e+04
4.375700000000000000e+04
4.432200000000000000e+04
4.500300000000000000e+04
4.528100000000000000e+04
4.539500000000000000e+04
4.584100000000000000e+04
4.623500000000000000e+04
4.652000000000000000e+04
4.701700000000000000e+04
4.708100000000000000e+04
4.733700000000000000e+04
4.761900000000000000e+04
4.788700000000000000e+04
4.799900000000000000e+04
4.801900000000000000e+04
4.809500000000000000e+04
4.840200000000000000e+04
4.891300000000000000e+04
4.992300000000000000e+04
5.060300000000000000e+04
5.070200000000000000e+04
5.137600000000000000e+04
5.143100000000000000e+04
5.180700000000000000e+04
5.183800000000000000e+04
5.262500000000000000e+04
5.266100000000000000e+04
5.287300000000000000e+04
5.292500000000000000e+04
5.378400000000000000e+04
5.399900000000000000e+04
5.404500000000000000e+04
5.444100000000000000e+04
5.484900000000000000e+04
5.500200000000000000e+04
5.559400000000000000e+04
5.586100000000000000e+04
5.591400000000000000e+04
5.632500000000000000e+04
5.697900000000000000e+04
5.700900000000000000e+04
5.704100000000000000e+04
5.706300000000000000e+04
5.713400000000000000e+04
5.757700000000000000e+04
5.823400000000000000e+04
5.886500000000000000e+04
5.904100000000000000e+04
5.918700000000000000e+04
5.969500000000000000e+04
6.031900000000000000e+04
6.081900000000000000e+04
6.084100000000000000e+04
6.106200000000000000e+04
6.130100000000000000e+04
6.145900000000000000e+04
6.182800000000000000e+04
6.192100000000000000e+04
6.260500000000000000e+04
6.333700000000000000e+04
6.337500000000000000e+04
6.413500000000000000e+04
6.418700000000000000e+04
6.467900000000000000e+04
6.486200000000000000e+04
6.499200000000000000e+04
6.516100000000000000e+04
6.580700000000000000e+04
6.598100000000000000e+04
6.644300000000000000e+04
6.653700000000000000e+04
6.666000000000000000e+04
6.676500000000000000e+04
6.741800000000000000e+04
6.907500000000000000e+04
6.925500000000000000e+04
6.931900000000000000e+04
6.962200000000000000e+04
7.005100000000000000e+04
7.007100000000000000e+04
7.023900000000000000e+04
7.044500000000000000e+04
7.054900000000000000e+04
7.084400000000000000e+04
7.097700000000000000e+04
7.178300000000000000e+04
7.197500000000000000e+04
7.220900000000000000e+04
7.236100000000000000e+04
7.313400000000000000e+04
7.351000000000000000e+04
7.367600000000000000e+04
7.414900000000000000e+04
7.486900000000000000e+04
7.509200000000000000e+04
7.549600000000000000e+04
7.566500000000000000e+04
7.569100000000000000e+04
7.572700000000000000e+04
7.634900000000000000e+04
7.645400000000000000e+04
7.650900000000000000e+04
7.728300000000000000e+04
7.792500000000000000e+04
7.795900000000000000e+04
7.842500000000000000e+04
7.924200000000000000e+04
7.926700000000000000e+04
8.058000000000000000e+04
8.068200000000000000e+04
8.083100000000000000e+04
8.085900000000000000e+04
8.144800000000000000e+04
8.165900000000000000e+04
8.167900000000000000e+04
8.196500000000000000e+04
8.205400000000000000e+04
8.245400000000000000e+04
8.264900000000000000e+04
8.356400000000000000e+04
8.428200000000000000e+04
8.473100000000000000e+04
8.484100000000000000e+04
8.486800000000000000e+04
8.501900000000000000e+04
8.596500000000000000e+04
8.639700000000000000e+04
8.646100000000000000e+04
8.668100000000000000e+04
8.691500000000000000e+04
8.699400000000000000e+04
8.705300000000000000e+04
8.758600000000000000e+04
8.790200000000000000e+04
8.791900000000000000e+04
8.853700000000000000e+04
8.942900000000000000e+04
8.951700000000000000e+04
8.962600000000000000e+04
9.027300000000000000e+04
9.040300000000000000e+04
9.044100000000000000e+04
9.058600000000000000e+04
9.130200000000000000e+04
9.190000000000000000e+04
9.191700000000000000e+04
9.194800000000000000e+04
9.206300000000000000e+04
9.221700000000000000e+04
9.246000000000000000e+04
9.407500000000000000e+04
9.426700000000000000e+04
9.448900000000000000e+04
9.463300000000000000e+04
9.489700000000000000e+04
9.527200000000000000e+04
9.537900000000000000e+04
9.551900000000000000e+04
9.612800000000000000e+04
9.679500000000000000e+04
9.689800000000000000e+04
9.739300000000000000e+04
9.744500000000000000e+04
9.767800000000000000e+04
9.805900000000000000e+04
9.826100000000000000e+04
9.871300000000000000e+04
9.891000000000000000e+04
9.898200000000000000e+04
9.956600000000000000e+04
1.002050000000000000e+05
1.002210000000000000e+05
1.008410000000000000e+05
1.009810000000000000e+05
1.011170000000000000e+05
1.013730000000000000e+05
1.014890000000000000e+05
1.023530000000000000e+05
1.026230000000000000e+05
1.028220000000000000e+05
1.028490000000000000e+05
1.033840000000000000e+05
1.039730000000000000e+05
1.042070000000000000e+05
1.044130000000000000e+05
1.045110000000000000e+05
1.054470000000000000e+05
1.055190000000000000e+05
1.061090000000000000e+05
1.066260000000000000e+05
1.066440000000000000e+05
1.066860000000000000e+05
1.072970000000000000e+05
1.074150000000000000e+05
1.086560000000000000e+05
1.088870000000000000e+05
1.091790000000000000e+05
1.092200000000000000e+05
1.092750000000000000e+05
1.103750000000000000e+05
1.106920000000000000e+05
1.107420000000000000e+05
1.107780000000000000e+05
1.115680000000000000e+05
1.118690000000000000e+05
1.120070000000000000e+05
1.120520000000000000e+05
1.122030000000000000e+05
1.122440000000000000e+05
1.123090000000000000e+05
1.124610000000000000e+05
1.128640000000000000e+05
1.129840000000000000e+05
1.130390000000000000e+05
1.137770000000000000e+05
3.124100000000000000e+04
6.309800000000000000e+04
8.220500000000000000e+04
9.754100000000000000e+04
