3.327000000000000000e+03
3.893000000000000000e+03
3.959000000000000000e+03
4.293000000000000000e+03
4.327000000000000000e+03
4.475000000000000000e+03
4.609000000000000000e+03
5.407000000000000000e+03
5.467000000000000000e+03
5.935000000000000000e+03
7.605000000000000000e+03
9.172000000000000000e+03
1.018100000000000000e+04
1.034700000000000000e+04
1.080200000000000000e+04
1.107700000000000000e+04
1.132400000000000000e+04
1.156300000000000000e+04
1.183500000000000000e+04
1.291800000000000000e+04
1.304500000000000000e+04
1.347900000000000000e+04
1.391300000000000000e+04
1.415000000000000000e+04
1.596700000000000000e+04
1.617900000000000000e+04
1.696300000000000000e+04
1.760500000000000000e+04
1.769500000000000000e+04
1.774300000000000000e+04
1.813100000000000000e+04
1.922500000000000000e+04
1.929100000000000000e+04
2.047800000000000000e+04
2.181400000000000000e+04
2.184600000000000000e+04
2.316100000000000000e+04
2.348300000000000000e+04
2.469100000000000000e+04
2.547300000000000000e+04
2.562800000000000000e+04
2.578500000000000000e+04
2.638500000000000000e+04
2.646500000000000000e+04
2.704900000000000000e+04
2.899800000000000000e+04
2.907300000000000000e+04
2.946600000000000000e+04
2.955200000000000000e+04
2.956900000000000000e+04
3.070900000000000000e+04
3.163800000000000000e+04
3.277700000000000000e+04
3.318700000000000000e+04
3.321100000000000000e+04
3.332700000000000000e+04
3.380100000000000000e+04
3.393900000000000000e+04
3.504600000000000000e+04
3.588400000000000000e+04
3.942800000000000000e+04
3.949000000000000000e+04
3.966500000000000000e+04
3.975700000000000000e+04
4.076600000000000000e+04
4.093200000000000000e+04
4.119700000000000000e+04
4.157500000000000000e+04
4.370800000000000000e+04
4.376500000000000000e+04
4.416600000000000000e+04
4.488600000000000000e+04
4.596700000000000000e+04
4.611700000000000000e+04
4.624200000000000000e+04
4.634500000000000000e+04
4.712500000000000000e+04
4.718500000000000000e+04
4.827900000000000000e+04
4.990800000000000000e+04
5.050900000000000000e+04
5.116700000000000000e+04
5.157500000000000000e+04
5.184500000000000000e+04
5.217300000000000000e+04
5.264000000000000000e+04
5.267000000000000000e+04
5.349400000000000000e+04
5.379700000000000000e+04
5.444100000000000000e+04
5.595900000000000000e+04
5.650300000000000000e+04
5.706300000000000000e+04
5.715300000000000000e+04
5.737700000000000000e+04
5.743900000000000000e+04
5.830500000000000000e+04
5.907100000000000000e+04
5.991500000000000000e+04
6.066900000000000000e+04
6.080500000000000000e+04
6.154500000000000000e+04
6.296500000000000000e+04
6.351900000000000000e+04
6.445000000000000000e+04
6.468100000000000000e+04
6.598500000000000000e+04
6.663500000000000000e+04
6.680500000000000000e+04
6.796400000000000000e+04
6.798200000000000000e+04
6.886300000000000000e+04
7.108100000000000000e+04
7.128900000000000000e+04
7.154900000000000000e+04
7.205900000000000000e+04
7.214600000000000000e+04
7.265100000000000000e+04
7.326700000000000000e+04
7.464500000000000000e+04
7.720900000000000000e+04
7.766300000000000000e+04
7.792500000000000000e+04
7.812300000000000000e+04
7.818500000000000000e+04
7.842500000000000000e+04
8.082900000000000000e+04
8.195800000000000000e+04
8.202400000000000000e+04
8.215700000000000000e+04
8.429000000000000000e+04
8.437500000000000000e+04
8.450100000000000000e+04
8.487000000000000000e+04
8.512100000000000000e+04
8.769600000000000000e+04
8.853900000000000000e+04
8.873100000000000000e+04
8.916900000000000000e+04
8.947500000000000000e+04
8.968600000000000000e+04
9.044100000000000000e+04
9.141300000000000000e+04
9.206300000000000000e+04
9.286300000000000000e+04
9.336100000000000000e+04
9.446900000000000000e+04
9.489700000000000000e+04
9.609700000000000000e+04
9.744000000000000000e+04
9.786900000000000000e+04
9.806600000000000000e+04
9.809800000000000000e+04
1.000250000000000000e+05
1.002210000000000000e+05
1.004220000000000000e+05
1.004390000000000000e+05
1.004890000000000000e+05
1.009920000000000000e+05
1.023510000000000000e+05
1.038180000000000000e+05
1.042070000000000000e+05
1.046090000000000000e+05
1.054450000000000000e+05
1.069350000000000000e+05
1.070450000000000000e+05
1.071810000000000000e+05
1.086650000000000000e+05
1.092180000000000000e+05
1.096770000000000000e+05
1.099370000000000000e+05
1.109130000000000000e+05
1.113530000000000000e+05
1.115470000000000000e+05
1.115750000000000000e+05
1.118270000000000000e+05
1.118510000000000000e+05
1.118690000000000000e+05
3.124100000000000000e+04
6.309800000000000000e+04
8.220500000000000000e+04
9.754100000000000000e+04
