2.105000000000000000e+03
2.423000000000000000e+03
6.365000000000000000e+03
6.541000000000000000e+03
9.496000000000000000e+03
1.075500000000000000e+04
1.158000000000000000e+04
1.275100000000000000e+04
1.419500000000000000e+04
1.431600000000000000e+04
1.457000000000000000e+04
1.681500000000000000e+04
1.693900000000000000e+04
1.740800000000000000e+04
1.963300000000000000e+04
2.039300000000000000e+04
2.142400000000000000e+04
2.275500000000000000e+04
2.363800000000000000e+04
2.378800000000000000e+04
2.531700000000000000e+04
2.897300000000000000e+04
3.255500000000000000e+04
3.297500000000000000e+04
3.322100000000000000e+04
3.587300000000000000e+04
3.644500000000000000e+04
3.743300000000000000e+04
3.821000000000000000e+04
4.052400000000000000e+04
4.097000000000000000e+04
4.145200000000000000e+04
4.208900000000000000e+04
4.362200000000000000e+04
4.533500000000000000e+04
4.760600000000000000e+04
5.212300000000000000e+04
5.278200000000000000e+04
5.408100000000000000e+04
5.530500000000000000e+04
5.532500000000000000e+04
5.694600000000000000e+04
5.724800000000000000e+04
6.315900000000000000e+04
6.320100000000000000e+04
6.335500000000000000e+04
6.753900000000000000e+04
6.817100000000000000e+04
7.004200000000000000e+04
7.083900000000000000e+04
7.350600000000000000e+04
7.439300000000000000e+04
7.481700000000000000e+04
7.568600000000000000e+04
7.634600000000000000e+04
7.800700000000000000e+04
7.852500000000000000e+04
8.003300000000000000e+04
8.030600000000000000e+04
8.257400000000000000e+04
8.422300000000000000e+04
8.464600000000000000e+04
8.516400000000000000e+04
8.763500000000000000e+04
8.783200000000000000e+04
8.921500000000000000e+04
8.976700000000000000e+04
9.177800000000000000e+04
9.293400000000000000e+04
9.354500000000000000e+04
9.448700000000000000e+04
9.696600000000000000e+04
9.980100000000000000e+04
1.016090000000000000e+05
1.017630000000000000e+05
1.025550000000000000e+05
1.026440000000000000e+05
1.044270000000000000e+05
1.053370000000000000e+05
1.065490000000000000e+05
1.075170000000000000e+05
1.084340000000000000e+05
1.084650000000000000e+05
1.085970000000000000e+05
1.093910000000000000e+05
1.100610000000000000e+05
1.120340000000000000e+05
2.375800000000000000e+04
1.024450000000000000e+05
