2.105000000000000000e+03
4.122000000000000000e+03
5.839000000000000000e+03
7.325000000000000000e+03
1.470500000000000000e+04
1.999800000000000000e+04
2.142400000000000000e+04
2.303400000000000000e+04
2.626800000000000000e+04
2.681300000000000000e+04
3.297500000000000000e+04
3.325500000000000000e+04
3.668500000000000000e+04
3.821000000000000000e+04
4.235500000000000000e+04
4.526100000000000000e+04
4.830600000000000000e+04
5.425500000000000000e+04
5.724800000000000000e+04
6.315900000000000000e+04
6.335600000000000000e+04
6.628000000000000000e+04
7.083900000000000000e+04
7.228900000000000000e+04
7.245500000000000000e+04
7.360900000000000000e+04
7.476000000000000000e+04
7.875500000000000000e+04
7.922300000000000000e+04
8.009200000000000000e+04
8.516400000000000000e+04
8.921700000000000000e+04
8.925600000000000000e+04
9.046900000000000000e+04
9.107600000000000000e+04
9.567200000000000000e+04
9.698600000000000000e+04
1.026440000000000000e+05
1.050210000000000000e+05
1.056580000000000000e+05
1.061300000000000000e+05
1.077340000000000000e+05
1.088560000000000000e+05
1.100590000000000000e+05
1.106340000000000000e+05
2.375800000000000000e+04
1.024450000000000000e+05
