2.105000000000000000e+03
2.409000000000000000e+03
6.449000000000000000e+03
8.114000000000000000e+03
9.776000000000000000e+03
1.019600000000000000e+04
1.028600000000000000e+04
1.281900000000000000e+04
1.345100000000000000e+04
1.489500000000000000e+04
1.565900000000000000e+04
1.606600000000000000e+04
1.681500000000000000e+04
1.693900000000000000e+04
2.039300000000000000e+04
2.142400000000000000e+04
2.363800000000000000e+04
2.378800000000000000e+04
2.488700000000000000e+04
2.601700000000000000e+04
3.559800000000000000e+04
4.208900000000000000e+04
4.356100000000000000e+04
4.570400000000000000e+04
4.960400000000000000e+04
5.068700000000000000e+04
5.211200000000000000e+04
5.255600000000000000e+04
5.392100000000000000e+04
5.408100000000000000e+04
5.416800000000000000e+04
5.423800000000000000e+04
5.670500000000000000e+04
5.749900000000000000e+04
6.281600000000000000e+04
6.497800000000000000e+04
6.555100000000000000e+04
6.607100000000000000e+04
6.753700000000000000e+04
7.227800000000000000e+04
7.439700000000000000e+04
7.518600000000000000e+04
7.802300000000000000e+04
7.874000000000000000e+04
8.563900000000000000e+04
8.744500000000000000e+04
8.805000000000000000e+04
8.833900000000000000e+04
8.921500000000000000e+04
8.976900000000000000e+04
9.087200000000000000e+04
9.902300000000000000e+04
1.035580000000000000e+05
1.075170000000000000e+05
1.078340000000000000e+05
1.084340000000000000e+05
1.100590000000000000e+05
2.375800000000000000e+04
1.024450000000000000e+05
