3.431000000000000000e+03
4.097000000000000000e+03
4.609000000000000000e+03
6.313000000000000000e+03
7.968000000000000000e+03
8.596000000000000000e+03
9.172000000000000000e+03
1.024900000000000000e+04
1.226300000000000000e+04
1.291800000000000000e+04
1.391300000000000000e+04
1.421300000000000000e+04
1.696300000000000000e+04
1.699500000000000000e+04
1.760500000000000000e+04
1.774300000000000000e+04
1.813100000000000000e+04
1.981400000000000000e+04
2.039000000000000000e+04
2.047800000000000000e+04
2.181400000000000000e+04
2.184600000000000000e+04
2.201900000000000000e+04
2.208200000000000000e+04
2.265900000000000000e+04
2.294900000000000000e+04
2.386500000000000000e+04
2.547300000000000000e+04
2.634700000000000000e+04
2.646500000000000000e+04
2.684200000000000000e+04
2.748700000000000000e+04
2.899800000000000000e+04
2.946600000000000000e+04
2.955200000000000000e+04
2.956900000000000000e+04
3.070900000000000000e+04
3.163800000000000000e+04
3.353700000000000000e+04
3.380100000000000000e+04
3.448500000000000000e+04
3.501500000000000000e+04
3.673400000000000000e+04
3.683700000000000000e+04
3.697500000000000000e+04
3.865700000000000000e+04
3.948700000000000000e+04
3.966700000000000000e+04
4.085700000000000000e+04
4.312300000000000000e+04
4.353200000000000000e+04
4.357200000000000000e+04
4.446500000000000000e+04
4.489300000000000000e+04
4.541500000000000000e+04
4.736000000000000000e+04
4.799700000000000000e+04
4.877900000000000000e+04
4.907100000000000000e+04
5.055900000000000000e+04
5.340300000000000000e+04
5.452900000000000000e+04
5.526100000000000000e+04
5.710700000000000000e+04
5.715300000000000000e+04
5.755500000000000000e+04
5.821800000000000000e+04
5.942100000000000000e+04
6.078900000000000000e+04
6.411300000000000000e+04
6.488700000000000000e+04
6.495700000000000000e+04
6.732200000000000000e+04
6.785300000000000000e+04
6.792300000000000000e+04
6.975700000000000000e+04
7.006900000000000000e+04
7.108500000000000000e+04
7.264900000000000000e+04
7.486900000000000000e+04
7.565600000000000000e+04
7.597900000000000000e+04
7.672300000000000000e+04
8.332500000000000000e+04
8.478500000000000000e+04
8.635300000000000000e+04
8.853900000000000000e+04
9.041500000000000000e+04
9.176000000000000000e+04
9.206300000000000000e+04
9.336100000000000000e+04
9.341900000000000000e+04
9.524500000000000000e+04
9.528300000000000000e+04
9.609700000000000000e+04
9.955500000000000000e+04
1.004220000000000000e+05
1.042070000000000000e+05
1.046090000000000000e+05
1.054470000000000000e+05
1.058970000000000000e+05
1.070450000000000000e+05
1.086650000000000000e+05
1.087200000000000000e+05
1.107890000000000000e+05
3.124100000000000000e+04
6.309800000000000000e+04
8.220500000000000000e+04
9.754100000000000000e+04
