3.293000000000000000e+03
3.325000000000000000e+03
3.893000000000000000e+03
4.293000000000000000e+03
4.442000000000000000e+03
4.575000000000000000e+03
4.609000000000000000e+03
5.011000000000000000e+03
5.200000000000000000e+03
5.217000000000000000e+03
5.407000000000000000e+03
5.808000000000000000e+03
5.933000000000000000e+03
6.225000000000000000e+03
6.427000000000000000e+03
7.605000000000000000e+03
9.172000000000000000e+03
9.324000000000000000e+03
1.034700000000000000e+04
1.080200000000000000e+04
1.125300000000000000e+04
1.135800000000000000e+04
1.156300000000000000e+04
1.183500000000000000e+04
1.262900000000000000e+04
1.291800000000000000e+04
1.304500000000000000e+04
1.347900000000000000e+04
1.377700000000000000e+04
1.391300000000000000e+04
1.525700000000000000e+04
1.589100000000000000e+04
1.617900000000000000e+04
1.696300000000000000e+04
1.699200000000000000e+04
1.738600000000000000e+04
1.743300000000000000e+04
1.754100000000000000e+04
1.760500000000000000e+04
1.817300000000000000e+04
1.981400000000000000e+04
2.024700000000000000e+04
2.047800000000000000e+04
2.181600000000000000e+04
2.184800000000000000e+04
2.248300000000000000e+04
2.266100000000000000e+04
2.285000000000000000e+04
2.316100000000000000e+04
2.348300000000000000e+04
2.413200000000000000e+04
2.451600000000000000e+04
2.469100000000000000e+04
2.537300000000000000e+04
2.547500000000000000e+04
2.578500000000000000e+04
2.638500000000000000e+04
2.646500000000000000e+04
2.745800000000000000e+04
2.810700000000000000e+04
2.831600000000000000e+04
2.842100000000000000e+04
2.908000000000000000e+04
3.008500000000000000e+04
3.014700000000000000e+04
3.070900000000000000e+04
3.074900000000000000e+04
3.097600000000000000e+04
3.163800000000000000e+04
3.277700000000000000e+04
3.318500000000000000e+04
3.332700000000000000e+04
3.376100000000000000e+04
3.380100000000000000e+04
3.396500000000000000e+04
3.440900000000000000e+04
3.594200000000000000e+04
3.596600000000000000e+04
3.622900000000000000e+04
3.644900000000000000e+04
3.670600000000000000e+04
3.718900000000000000e+04
3.724100000000000000e+04
3.869300000000000000e+04
3.906100000000000000e+04
3.918700000000000000e+04
3.942800000000000000e+04
3.948500000000000000e+04
3.967700000000000000e+04
4.105600000000000000e+04
4.119700000000000000e+04
4.201300000000000000e+04
4.204500000000000000e+04
4.214600000000000000e+04
4.356300000000000000e+04
4.370800000000000000e+04
4.416600000000000000e+04
4.478100000000000000e+04
4.488600000000000000e+04
4.500400000000000000e+04
4.502300000000000000e+04
4.541500000000000000e+04
4.567900000000000000e+04
4.596700000000000000e+04
4.643800000000000000e+04
4.761900000000000000e+04
4.775400000000000000e+04
4.788900000000000000e+04
4.843800000000000000e+04
4.919600000000000000e+04
4.956500000000000000e+04
4.966900000000000000e+04
4.980400000000000000e+04
5.011700000000000000e+04
5.153700000000000000e+04
5.170100000000000000e+04
5.184500000000000000e+04
5.267000000000000000e+04
5.307700000000000000e+04
5.349400000000000000e+04
5.404500000000000000e+04
5.444100000000000000e+04
5.487500000000000000e+04
5.542700000000000000e+04
5.570700000000000000e+04
5.588900000000000000e+04
5.630600000000000000e+04
5.685700000000000000e+04
5.706300000000000000e+04
5.715300000000000000e+04
5.737500000000000000e+04
5.757700000000000000e+04
5.830400000000000000e+04
5.918700000000000000e+04
5.928700000000000000e+04
5.991500000000000000e+04
6.004000000000000000e+04
6.066900000000000000e+04
6.084500000000000000e+04
6.112000000000000000e+04
6.148900000000000000e+04
6.226800000000000000e+04
6.281900000000000000e+04
6.445000000000000000e+04
6.467900000000000000e+04
6.470500000000000000e+04
6.495700000000000000e+04
6.508900000000000000e+04
6.591300000000000000e+04
6.598100000000000000e+04
6.663500000000000000e+04
6.711500000000000000e+04
6.742200000000000000e+04
6.793500000000000000e+04
6.931900000000000000e+04
7.007100000000000000e+04
7.044700000000000000e+04
7.124700000000000000e+04
7.135900000000000000e+04
7.154900000000000000e+04
7.214600000000000000e+04
7.237300000000000000e+04
7.270600000000000000e+04
7.278400000000000000e+04
7.297800000000000000e+04
7.326700000000000000e+04
7.373500000000000000e+04
7.534000000000000000e+04
7.636800000000000000e+04
7.645400000000000000e+04
7.650900000000000000e+04
7.693300000000000000e+04
7.766500000000000000e+04
7.792500000000000000e+04
7.818300000000000000e+04
7.842500000000000000e+04
7.962700000000000000e+04
7.964700000000000000e+04
7.977900000000000000e+04
8.058000000000000000e+04
8.061100000000000000e+04
8.088900000000000000e+04
8.195800000000000000e+04
8.215700000000000000e+04
8.282000000000000000e+04
8.381500000000000000e+04
8.412500000000000000e+04
8.437500000000000000e+04
8.581900000000000000e+04
8.595100000000000000e+04
8.639500000000000000e+04
8.659500000000000000e+04
8.668100000000000000e+04
8.669900000000000000e+04
8.676900000000000000e+04
8.758400000000000000e+04
8.776600000000000000e+04
8.795700000000000000e+04
8.806500000000000000e+04
8.853500000000000000e+04
8.942900000000000000e+04
8.962800000000000000e+04
9.036200000000000000e+04
9.206300000000000000e+04
9.249500000000000000e+04
9.266100000000000000e+04
9.268800000000000000e+04
9.286300000000000000e+04
9.291700000000000000e+04
9.446900000000000000e+04
9.489700000000000000e+04
9.633300000000000000e+04
9.744500000000000000e+04
9.783300000000000000e+04
9.784900000000000000e+04
9.786900000000000000e+04
9.809800000000000000e+04
9.826100000000000000e+04
9.836300000000000000e+04
9.911500000000000000e+04
9.956400000000000000e+04
1.000250000000000000e+05
1.002210000000000000e+05
1.004140000000000000e+05
1.004390000000000000e+05
1.018890000000000000e+05
1.023510000000000000e+05
1.031300000000000000e+05
1.039730000000000000e+05
1.041530000000000000e+05
1.042070000000000000e+05
1.044690000000000000e+05
1.050640000000000000e+05
1.054470000000000000e+05
1.058870000000000000e+05
1.059950000000000000e+05
1.074150000000000000e+05
1.074340000000000000e+05
1.086560000000000000e+05
1.088870000000000000e+05
1.092770000000000000e+05
1.093740000000000000e+05
1.094320000000000000e+05
1.096770000000000000e+05
1.099200000000000000e+05
1.107090000000000000e+05
1.108030000000000000e+05
1.113540000000000000e+05
1.115700000000000000e+05
1.118690000000000000e+05
1.119420000000000000e+05
1.119580000000000000e+05
1.119770000000000000e+05
1.121870000000000000e+05
1.125950000000000000e+05
3.124100000000000000e+04
6.309800000000000000e+04
8.220500000000000000e+04
9.754100000000000000e+04
