6.313000000000000000e+03
1.673700000000000000e+04
1.776000000000000000e+04
1.922500000000000000e+04
2.181400000000000000e+04
2.313300000000000000e+04
2.596000000000000000e+04
2.668400000000000000e+04
2.916100000000000000e+04
3.576900000000000000e+04
3.683700000000000000e+04
3.743600000000000000e+04
3.948700000000000000e+04
4.239300000000000000e+04
7.439200000000000000e+04
7.493000000000000000e+04
8.412600000000000000e+04
9.266300000000000000e+04
9.272000000000000000e+04
9.524500000000000000e+04
1.004220000000000000e+05
3.124100000000000000e+04
6.309800000000000000e+04
8.220500000000000000e+04
9.754100000000000000e+04
